328072	0	0.8	0.7
327993	1	0.7	0.1
291186	1	0.4	0.1
93134	1	0.5	0
271819	1	0.4	0.8
385223	1	0	0.8
96500	1	0.7	0.8
146026	1	0.7	0.2
158559	1	0.5	0.4
259029	0	0.3	1
360725	1	0.5	0.1
70430	1	1	0.2
3543	0	0.4	1
61163	1	0.7	0
416016	1	0.4	0.5
272888	0	0.7	0.3
4455	0	0.9	0.1
271427	1	0	0.3
363735	1	0.6	0.9
150500	1	0	0.2
234173	1	0.8	0.5
363218	1	1	0.9
155805	1	0.4	0.7
229713	1	0.5	0.6
128194	0	0.1	0
189815	1	0.9	0.5
182898	0	0	0.1
348906	1	0.1	0.1
415805	0	0.7	0.5
221048	1	0.8	0.3
87435	0	0.5	0.2
278565	0	0.1	0.8
177245	1	0.5	0.8
268422	1	0	0.9
281302	1	0.8	0.3
156441	1	1	0.1
407307	0	0.2	0.2
13247	0	0.9	0
355286	1	0.7	0.9
117912	1	0.9	0.9
300433	0	0.1	0.7
82056	0	0	0.2
332229	0	0.3	0.8
409961	0	0.8	0.1
133015	0	0.2	0.4
72282	0	0.5	0.1
151063	1	1	0
16869	0	0.4	0.5
198605	0	0.9	0.8
82645	1	0.3	0.6
288423	0	0.3	1
338435	1	0.8	0.3
411943	0	0.2	0.4
157338	1	0.9	0.3
105288	0	0.4	1
21671	0	0.8	1
266143	0	0.6	1
24134	1	0.4	0.6
62418	0	0.9	0.8
169386	0	0.2	0.3
194762	1	0.3	0.1
198103	1	0.8	1
137347	1	0.2	0.7
286294	1	0.3	1
318803	1	0	0
46632	0	0.3	0.1
175960	0	0.5	0
253735	0	0.7	0.4
95428	1	0.3	0.5
184760	1	0.5	0.8
37086	0	0.3	0.4
269841	1	0.3	0.6
309437	1	0.5	1
182205	1	0.6	0.7
69907	1	1	0.6
150935	1	0.3	0.2
218045	1	0.8	0.9
15506	1	0.6	0.8
211353	1	0.1	0
366227	1	0.3	0.1
302779	0	0.6	0.4
400940	0	0.4	0.9
74989	1	0.1	0.6
307156	0	0.3	0.8
275621	1	0	0.2
235188	0	0.9	0.4
104636	0	1	0.7
265117	0	1	1
219351	1	0.7	0.8
89177	1	0.4	0
140994	0	0	0.1
23758	0	0.6	0.8
360621	0	0.8	1
341260	1	0.3	0.4
29870	1	0.6	0.9
4932	1	0.4	0.2
100184	0	0.3	0.5
374116	1	0.2	1
363576	1	1	0.4
221133	1	0.2	0.6
145944	0	1	1
197660	1	0.5	0
14926	0	1	0.1
415270	1	0.4	0
183772	0	0.7	0
224072	0	1	0.1
241800	0	0	0.3
83963	1	0.8	0.6
418221	1	0.8	0.7
420586	1	0.6	0.8
57265	0	0	0.5
65704	1	0.8	0.8
76003	1	1	0.3
206142	1	0.5	0.7
113788	0	0.3	0.7
338973	0	0.3	0.5
181157	1	0.9	0
51659	0	0	0.4
237974	1	0.3	0.8
163500	1	0.8	0.6
183050	0	0.8	0.3
310364	0	0.9	0.5
8100	1	0.1	0.6
174159	0	0.6	0.4
32149	1	0.6	0.3
342220	0	0.4	0.5
209838	0	0	0.1
148055	1	0.7	0.2
86625	0	0.3	0.5
55759	1	0.9	0.4
279925	0	0	0.7
140381	1	0.7	1
319571	0	0.3	0.9
152519	0	0.3	0
159627	0	0.8	0.3
74728	1	0	0.5
271964	0	0.2	0.4
65825	1	0.4	0.5
121685	0	0.3	0.1
295175	1	0.1	0.2
66416	0	0.4	0.3
312046	1	1	0.6
240774	1	0.6	0.8
238984	0	0.9	0.6
288197	1	0.2	0.5
329295	0	1	0.9
247520	0	0.5	0.9
340846	1	0	0.2
193380	0	0	0.2
104771	0	0	0
361662	1	0.6	0.6
158846	1	1	0.1
199149	0	0	0.3
164712	1	0.3	0
85885	0	0.1	0.9
261936	1	0.8	1
272846	0	0.1	0.2
108062	1	0	0.6
222999	1	0.6	0.7
2500	0	0.7	0.1
133645	1	0.6	0.9
346057	1	0.4	0.3
363617	1	0.3	0.3
119538	1	0.7	0
295578	1	0.2	0.7
20929	0	1	0.3
51628	0	0.3	0
371006	1	0.5	0.4
347638	0	0.4	0.3
198222	1	0.9	0.5
20842	1	0.8	0.9
68980	0	0.4	0.5
152322	1	0.6	1
397441	0	0.3	0.2
284114	0	0.9	0.6
253488	1	0.2	0.5
333536	0	0.2	0.7
387358	0	0.7	0.1
14134	1	0.4	0
53627	1	0.5	0
248104	0	0.1	0.7
168442	1	0.9	1
80926	0	0.6	0.4
368578	1	1	0.5
63889	0	0	0.8
349892	1	0.9	0.2
217857	0	0.8	0.5
215279	1	0.8	0.9
132983	0	0.6	0.7
320669	0	0	0.8
104972	1	0.9	0.3
360799	0	0.7	0.2
179340	1	0.1	0
323155	0	1	0.8
223279	0	0.7	0
60686	0	0.4	0.3
208092	1	0.1	0.5
203313	1	1	0.8
173323	0	0.9	0.8
292524	1	1	0.3
38390	0	0.5	0.9
23999	1	0.7	0.5
369491	1	0.6	0.5
69828	0	0.3	0.1
288863	0	0.8	0.5
110156	1	0	0.3
265889	1	0.6	0.5
162876	1	0.1	0.5
270064	0	0	1
108345	1	0.9	0.7
118460	0	0.7	1
285296	1	0.3	0.8
205592	1	0.3	0.2
81965	0	0.3	0.5
338009	1	0.6	1
48465	1	0.4	0.9
343421	1	0.4	0.9
122377	0	0.2	1
58798	1	0.9	0.2
172552	0	0.7	0.1
61712	0	0.7	1
65603	1	0.4	0.7
5167	0	1	1
389709	1	0.3	0.2
41105	1	0.4	0.2
175924	1	0	0.6
5258	0	0.5	0.3
142877	1	0.2	0.9
185207	1	0.4	0.4
341866	0	0.9	0.4
38997	0	0.2	0.6
322570	1	0	0.1
359230	1	0.7	0.9
257130	1	0.4	0.9
405741	1	0.4	0.1
117069	1	0.5	0.9
44703	0	0.7	0.1
153470	0	0.3	0.6
188447	0	0.2	0.8
362471	1	0.1	0
120542	0	0	1
38459	1	1	0.7
342260	1	0.5	0.4
251537	0	0.4	0
191063	1	0.7	0.1
35576	0	0.5	0
347564	0	0.9	0.1
174602	0	0.5	0.7
415557	1	0.3	0.7
292823	1	0.6	0.4
378938	1	0.5	0.7
133771	0	0.6	0.5
320461	1	0	0.8
339041	0	0.8	0.1
232698	0	0.7	0.7
273832	0	0.3	0.2
21031	0	0.6	0.8
414870	0	0.3	0.9
113867	0	0.9	0.1
42603	0	0	0
214249	1	0	0.7
229279	1	0	0.4
72325	1	0.1	0.7
273059	0	0.7	0.2
167613	0	0.1	0.6
63460	1	0.1	0.1
336468	1	0.7	0.5
162975	1	0.4	0.6
195117	0	0.5	0.9
109091	1	0.5	0.5
164200	0	1	0.4
72359	1	0.6	0.9
319023	0	0	0.4
230264	0	0.2	0.2
238896	0	0.6	0.3
193241	1	1	0
21867	1	0	0.3
64051	1	0.4	0.2
338850	0	0.2	0.8
41654	0	0.4	1
325156	1	0.2	0.6
294820	1	0	0.5
287656	1	0.9	0.3
134148	1	0.7	0.7
261457	1	0.4	0.5
288900	1	0	0.5
212624	1	0.1	0.5
84901	1	0	1
141759	0	0.2	0.6
225056	1	0	0.3
77055	1	0.2	0.9
5738	0	0.1	0.5
88406	1	0.3	0.7
261899	0	0.8	0.9
218307	1	0.5	1
17652	1	0.4	0.1
86473	1	0.3	0
90535	1	0	0.4
131418	0	0.4	0.9
392695	1	0.7	0.6
182989	0	0.6	0
397408	0	0.2	0.6
368551	0	0.9	0.4
135221	0	0.9	0.6
214117	0	0.5	0
205483	0	0.7	0.9
59372	0	0.4	0.1
304015	0	0.3	0
36762	0	0.2	0.5
411932	1	0.8	0.7
294301	1	0.9	0.7
307951	1	0.8	0.6
88872	0	0.2	0.8
41368	1	0.6	0.8
241188	1	0	1
117931	0	0.3	0.7
405112	0	0	0.1
40950	1	0.5	0.9
243917	0	0.7	0.5
149881	0	0.9	0
101137	1	0.3	0.7
342618	0	0	0.9
357342	0	0.8	0.4
65446	0	0.1	0.8
325239	0	0.7	0.2
128642	0	0	0.3
198730	1	0.9	0.6
21264	0	0.2	0.9
356181	1	0.9	0
55606	1	0.4	0
259567	1	0.9	0.1
348791	1	0.5	1
254959	1	0.6	0.4
422562	0	0.4	0.7
756	0	0.5	0.6
257364	0	0.7	0
150645	0	0.7	1
30213	0	0	0.8
65324	1	0.1	0.7
20278	1	0.8	0.9
403456	1	0.8	0.1
80197	0	1	0.2
261301	1	0.3	0.4
290163	0	1	0.5
47242	0	1	0.5
48765	0	1	0.3
28088	1	0.5	0.9
405706	0	0.8	0.3
85231	1	0.5	0.3
134386	1	0.5	0.4
375162	1	0.5	0.2
153453	1	0.1	0.3
320201	0	0.3	1
235067	1	0.7	0.8
68397	1	0.8	0.5
54696	0	0.4	1
349928	1	0.7	0.4
318924	1	0.1	0.6
134160	1	0.4	0.4
123350	0	0.9	0.6
367626	0	0.1	0
325859	1	0.5	0.5
247419	1	0.8	0.9
180872	0	0.2	1
210398	0	0.6	0.3
295194	1	1	0.5
341987	1	0.6	0.2
292240	1	0.9	0.8
308978	1	1	0.5
204327	1	0.8	0.8
113793	0	0	0.5
364221	0	0	0.7
248332	0	1	0.9
61805	1	0.8	1
184754	0	0.1	0.3
190191	0	0.7	1
377916	0	1	0.8
218155	1	0.3	0.3
213332	1	0.1	0.1
14245	0	0.9	0
17791	0	1	0
236249	0	0.3	0.3
2657	0	0.5	0.1
128378	0	0.2	0.5
119700	1	0.9	0.8
141085	1	0.9	0
91541	0	0.5	0.6
129584	0	1	0.8
408699	0	0.5	0.9
211379	1	0	0.9
55421	0	0.3	0.9
223830	1	0.5	0.4
20928	1	0.6	0.9
296053	0	0.2	0.6
278274	1	0.8	0.7
300755	1	0.4	0.9
252624	0	0.7	0.7
329010	1	0.7	1
146462	0	0	0.8
83503	1	0.2	0.4
178843	1	0	0.9
85892	0	1	0.7
38351	0	0.5	0
206786	1	0.8	0.9
122350	1	0.1	0.3
110012	1	1	0.9
239302	0	0.7	0.4
151203	1	0.2	0.4
254851	0	0.7	0.3
60242	0	0.5	0.5
152706	1	0	0
130031	1	0.7	0.9
340199	0	0.1	0
89366	0	1	0.7
408070	1	0.1	0.5
296272	0	0.4	0.6
70735	1	0	0.7
99454	1	0.4	0.3
111685	1	0.5	0.4
168852	0	0.2	0.9
186459	1	0.8	0.8
333030	1	0.4	0.2
319066	0	0.2	0.2
372007	1	1	0.4
370742	1	0.2	0.2
280000	1	0.2	0.7
216418	1	0.2	0.9
241875	0	0	0.7
344617	0	0.9	0.7
106915	1	0.3	0.5
147975	1	0.6	0.4
344050	0	0.8	0
135053	1	0.9	0.1
418350	1	0.1	0.6
391532	0	0.7	1
208993	0	0.1	0.6
178265	0	0.9	0.9
327802	0	0.3	0.2
292229	1	0.9	0.8
11092	1	0.5	0.7
350389	1	0.3	0.1
298060	0	0.2	0.6
180706	0	0.8	0.2
165431	0	0	0.2
191876	1	0	0.9
79869	1	0.7	0.4
299344	0	0.7	0.4
286565	1	0	0.5
78128	0	0.6	0.4
372409	1	0	0.9
116557	0	0.3	1
98615	1	0.2	0.5
79675	1	0	0.5
275062	1	0.3	0.1
55513	0	0.3	0.8
91138	0	0.5	0.9
131066	0	0.1	0.5
336423	1	0.6	0.1
74724	1	1	0.5
191106	1	0	0.3
197726	0	0.2	0.5
347089	0	1	0.4
300135	0	0.7	0.8
312927	0	0.4	0.4
177888	0	0.8	0.1
132231	0	0.1	0.2
413941	1	0.8	0.8
16683	0	1	0.1
160724	0	1	0
263078	0	0	1
239707	1	0.8	0.2
386003	1	0.7	0.4
337019	0	0.1	0.6
22371	0	0.5	0
233202	0	0.1	1
403954	1	0.5	1
107430	0	1	0.7
260583	1	0.7	0.2
158733	1	0.6	0.5
46669	0	0.9	0.6
33294	0	0.1	0.3
149931	1	0.3	0.1
208479	0	0.2	0.5
104008	0	0.3	0
105228	0	0.3	0.1
187247	1	0.5	0.1
139310	0	0	0.3
240943	0	0.4	1
259239	0	0.5	0.7
134416	1	0.6	0.7
89301	0	0.1	0
42116	0	0.7	0.4
201973	1	0.3	0.3
86816	1	0.4	0
288996	1	0.3	0.1
246322	1	0.6	0.1
75355	1	0.3	0.7
386002	0	0.5	0.4
361008	1	1	1
318691	1	0.5	0.6
277563	0	0.7	0.8
240779	0	0.5	0
158455	0	0.5	0.3
69598	0	0.8	0.2
217635	0	0.7	0.3
301993	1	0.7	0.3
402807	1	0.2	0.9
94559	1	0.2	0.6
266628	1	0	1
306555	0	0.4	0.8
385627	0	0.2	0.8
378809	1	1	0.9
363271	1	0.3	0.4
5493	1	0	0.5
180078	1	1	0.7
175617	1	0.1	0.1
90600	0	0.6	0.9
278304	1	0.5	0.5
41776	0	0.4	0.6
190239	0	0.7	0.6
39557	1	0.8	0.6
184909	1	0.4	0
41458	0	0	0.4
162493	0	0.9	0
73941	0	0	1
1057	0	0.9	0.4
70663	0	0.1	0.6
248770	0	0.5	0.6
129741	0	1	0.5
376461	1	0.2	0.2
304929	1	0	0.9
376353	0	0	0.7
108456	1	0.1	0.9
189881	1	0.9	0.7
35194	1	0.8	0.4
263927	0	0.6	0.9
238909	1	0.7	0.9
70416	1	0.5	0.5
223768	1	1	0.3
402407	0	0.8	0.2
301342	0	0.4	0.5
172708	0	1	0.6
154947	1	0.8	0.5
239463	1	1	0.3
138750	0	0.8	0.3
320399	0	0	0.2
25306	0	0.8	0
139010	1	0.7	0.4
193349	0	0.4	0.3
383114	1	0.6	0.6
339928	0	0.5	0
159624	1	0	0.6
384216	0	0.1	0
255753	1	0.9	0.7
329449	0	0.4	0.6
188323	0	0.2	0.3
186039	0	0.5	0.5
91879	1	0.7	0.8
87606	0	0.6	0.3
139183	0	0.2	0.3
90065	1	0.6	0.6
352857	1	1	0.3
33693	1	0.1	0.8
10236	0	0.5	0.7
35287	1	0.4	0.9
377749	0	0.4	0.3
403830	0	0.7	0.3
242319	1	0.7	0.1
102480	0	0.6	0.2
105587	1	1	0.1
77330	0	0.4	0
141518	1	0.3	0.1
170431	1	0.9	0
180970	1	0.5	0.6
382102	0	0.1	0
63508	0	0.8	0.9
6757	0	0.3	0.3
315769	0	0.9	0.3
165295	1	0.3	0.2
207053	0	0	0.7
187738	1	0.9	0.4
242681	0	0.5	0
220573	1	0.3	0.7
223820	0	0.9	0.1
265606	0	0.3	0.4
248207	1	0.1	0.4
99414	0	0.4	0.9
202743	0	0.2	0.9
227229	0	0.7	0.4
275669	1	1	0.4
417970	1	1	0.4
88766	1	0.6	0.9
124513	1	0.4	0.6
214393	1	0.1	0.1
89775	1	0.2	0.5
36476	1	0.4	0.4
86449	1	0.9	0.6
4970	1	0.2	0.9
132029	0	0	0.1
261578	1	0.3	0.9
264796	0	0.1	0.4
206371	1	1	0.3
331335	0	0.1	0.5
212964	0	0.4	0.9
324410	0	1	0.3
28356	1	0.1	0.8
363953	1	0.4	0.2
224629	1	0.5	0.6
404753	1	0.8	0.6
159558	0	0.1	0.2
48830	0	0.6	0.4
361978	0	0.3	1
275352	0	0.9	0.1
66055	0	0.7	0.5
247457	1	0.3	0.4
292978	0	0.3	0
103848	1	0.6	0.1
83918	1	0.9	0.3
220909	1	0	0.5
303846	1	0	0.7
23693	1	0.3	0
125730	1	0.4	0.5
75679	0	1	0.9
151758	0	0.2	0
138291	1	0	0.2
212619	1	0.9	1
112295	1	0.4	0.8
265333	1	0.6	0.4
210687	0	0.4	0.4
356022	1	1	0
239474	1	0	0.3
93024	0	0.2	0.9
228850	1	0.2	1
371805	0	1	0.6
35462	0	0.3	0.7
83707	0	0.6	0.4
92457	0	0.5	0.6
198793	1	0.9	1
144861	0	0.3	0.2
41923	0	0.4	0.9
46759	1	1	0.8
421392	0	0.8	1
288757	0	0.5	0.1
271489	1	0.3	1
170313	1	0.7	0.9
250528	1	0.2	0.3
324039	1	0	0.7
58430	1	0.5	1
163344	1	1	0
46286	0	0	0.7
196917	1	0.2	0.9
131777	1	0.6	0.9
124911	1	0.9	1
75115	1	0.9	0.9
341214	1	0.4	0.8
58830	1	0.4	0.2
275	1	0	0.7
379212	0	0.1	0.1
385676	0	0.5	0.2
4891	0	0.9	0.1
356118	0	0.5	0.3
132382	0	0.5	1
220489	0	0.8	1
326308	1	0	0.9
49345	1	0	0.2
20571	1	0.3	0.8
183323	0	0.3	0.3
292020	1	1	0.9
239782	0	0.5	0.1
118422	1	0.1	0.1
231948	1	0	0.8
292220	0	0.2	0.9
257245	0	0.7	0.4
18094	0	0.3	0
184705	0	0.5	0.2
227658	0	0.9	0.2
320174	1	0.2	0.3
405197	1	0.6	0.6
12035	0	0.2	1
418367	0	0.4	1
18244	0	0.7	0.9
403655	0	0.5	0.7
171301	0	1	0.2
34790	0	0.6	0.2
69619	0	0.6	0.5
422402	1	0.5	0.7
141313	0	0.8	0.2
181369	0	0.1	0.1
226966	1	0.2	0.1
375602	1	1	0.5
304828	1	0	0.6
104879	1	1	0.6
309774	1	1	0.2
277413	1	0	0.8
305547	1	1	0.6
71716	1	1	0.1
362101	1	1	0
153960	1	0.8	0.6
87743	0	0.4	1
90860	1	0.7	0.1
35899	0	1	0.7
230767	1	0.9	0.4
131958	1	0.4	0.9
233569	1	0.6	0.8
297519	0	0.8	1
361396	1	0.5	0.9
78398	1	0.3	0.9
142898	1	0.4	0.6
246125	0	0.3	0
138324	0	0.6	0.3
374937	1	0.5	0.4
209761	0	0.2	0.6
210526	1	0.5	0.6
111729	1	0.2	0.4
198105	0	0.8	1
87601	0	0.5	0.8
364858	0	0.1	0
76361	1	1	0.3
360848	0	0	0.5
70926	1	0.5	1
354653	0	0.9	0.1
98065	1	0.7	0.4
118129	0	0.4	0.9
347183	1	0.2	0.6
230158	1	0.1	0.1
40692	0	0.7	0.9
73769	0	0.6	0.8
261093	1	0.2	0.2
34781	1	0.6	0.2
231927	0	0.6	0.7
1464	0	0.1	0.6
226666	1	0.3	0.1
13294	0	0.4	0.2
206699	1	0	0.2
340111	0	0.5	0.8
267847	1	0.3	0.7
76952	1	0.8	0.3
38116	0	0.3	0.6
369333	1	0	0.2
345832	1	0.5	1
139583	1	1	0.3
230905	0	0.8	0.6
289013	1	0.3	0.4
412668	0	1	0.3
141864	0	0.9	0.8
339838	1	0.2	0.7
104036	0	0.5	1
21634	1	0.3	0.5
325429	0	1	0.3
65696	1	0.8	0
122307	0	1	0.8
213124	1	0.8	0.8
344450	1	1	0.4
110968	1	0.2	1
72367	1	0	0.4
106839	1	0.8	0.8
323956	1	0.4	0.7
80670	0	0.2	0.6
170623	1	0.1	0.6
160082	0	0.1	0.4
376704	1	0.9	0.6
230814	0	0.2	0.1
266955	1	0.6	0
368539	1	0.4	0.8
344628	1	0.1	0.6
137547	1	0.2	0
260201	0	0	0.8
238721	0	0.1	0.5
67472	1	0.7	1
114453	0	0.2	0.4
91444	1	1	1
64483	0	0	0.8
17961	0	0.3	0.2
237404	0	0.9	0.2
354324	0	0.3	0.6
112739	0	0.8	0
138164	1	0.7	0.3
50400	0	0.6	0.5
79240	1	0.8	0.7
132893	0	0.7	0.6
311946	1	0.1	0.2
411242	1	1	0.1
196206	1	0.6	0
248245	1	0.7	0.1
224128	0	0.5	0.8
221258	0	0.9	0.4
249648	1	0.5	0.6
101350	0	0	0.7
131355	0	0.7	0.6
33102	1	0	0
328599	1	0.2	0.2
422408	0	0.2	0.2
37586	1	0.8	1
101796	0	0	0.6
91192	0	0.1	0.5
366664	0	0.3	0.2
34721	0	0.3	0.8
14678	1	0	0
86774	0	0.5	0.3
381073	1	0.3	0.1
106841	1	1	1
264327	0	0.9	0.9
349560	1	0.6	0.2
1672	1	1	0.9
50396	1	0.8	0.4
286303	1	0.9	0.2
221581	0	0	0.1
394676	0	0.3	0.6
167062	0	0.7	1
113736	1	0	0
266551	1	0.7	0.7
15723	1	1	0.2
416762	1	0.9	0.6
290676	0	0.6	1
299933	1	0.7	0.7
47337	1	0.2	0
356580	1	0.9	0.7
81004	0	0.7	0.5
395276	0	0.3	0.1
79965	1	0.5	0.8
22026	1	0.4	0.7
52085	0	0.5	0.4
412212	1	0.1	1
92191	1	0.6	0.2
355842	0	0	1
323268	0	0.3	0.7
166483	1	0.9	0.1
7268	0	1	0.5
19628	1	0.5	0.8
367670	0	0.2	1
412841	1	0	0.7
251876	0	1	1
285063	0	0	0.5
83388	0	0.2	0.3
133730	1	0.7	0.8
106173	0	0.5	0.5
244814	0	0.9	0.8
279067	0	0.3	0.3
215599	0	0.2	0.4
338151	0	0.1	1
86697	1	0.6	0.9
99034	0	0.7	1
218672	0	0.9	0.2
330447	0	0.2	0.5
199539	0	0.1	0.2
33376	1	0.2	0.4
127425	1	0.2	0.4
169369	1	0.5	0.5
184171	0	0.7	0.6
122489	1	1	0.6
267885	0	0.1	0.7
308058	0	0.1	0.7
388969	1	0.8	0.8
172485	0	0.9	0.1
373102	1	0.4	0.5
8720	0	0.6	0.9
77701	1	0.4	0.1
219533	0	0.6	0.2
32726	1	0.2	0.7
6768	0	0.8	0.3
186832	1	0.1	0.1
321398	1	0.4	0.9
112891	1	0.9	0.4
167795	0	0.9	0.5
151768	1	0.2	0.3
366025	0	0.9	0
243336	0	1	0.1
342707	0	0	0.5
76899	0	0	0.6
114486	0	0.1	0.9
235488	1	0.8	0
137292	0	0.8	0.9
80066	0	0.6	0.6
408774	1	0.6	0.4
194151	1	0.5	0.3
153195	0	0.3	0
136006	0	0.7	0.4
325753	1	0.3	0.7
266161	1	0.7	0
171173	0	0.2	0
391697	1	0.4	0.4
321843	0	0.5	0.6
189534	0	0.4	0.9
308191	0	0.2	0.8
138567	0	0	0.8
196273	1	0.2	0.8
148934	0	1	0.1
322739	0	0.5	0.6
132732	0	0.4	0
373237	1	0.7	0.7
220133	1	1	0.5
241448	0	0.2	0.3
108537	1	0.4	0.3
216674	1	0.4	0.5
273529	1	0.1	0.5
55193	0	0.9	0.4
237677	0	0	0.3
161869	0	0.3	0.2
25194	1	0.1	0.4
175715	0	0.6	1
75467	1	0.5	0.2
102757	1	0.1	0.2
87720	1	0.7	0.1
99545	0	1	0.8
316814	0	1	1
167181	0	0.9	1
341871	0	0.3	0.8
102014	0	0.5	0
60661	1	0.6	0.8
36607	0	0.5	0.4
135140	0	0.9	0.3
404051	0	0.3	0.4
320433	1	0.6	0.7
217199	0	0.8	0.1
60836	1	0.8	0.4
39961	1	0.1	0.6
124313	0	0	0.6
166842	1	1	0.8
19769	1	1	0.2
187473	0	0.1	0.3
300271	1	1	0.1
32132	0	0.1	0.9
86591	1	0.4	0.3
170578	0	0.2	0
247183	0	0.8	1
130553	1	0	1
336971	1	1	0.9
323814	0	0.3	0.4
28016	1	0.6	0.1
53625	1	0.3	0.7
48769	0	0.4	0
139167	0	0.3	0.5
293944	1	0.5	0.9
385755	0	0.2	0.8
401092	1	0.1	1
56968	0	0.3	0.8
198458	0	0.5	0.6
145374	0	0.1	0.3
135567	1	0.3	0.4
266270	0	0.8	1
120940	1	0.2	0
256875	0	0.6	0.1
280492	1	0.3	0.7
213798	0	0.5	0.1
61422	0	0.5	0.5
41490	1	0.6	0.2
73104	0	0.6	0.4
234601	1	0	0.4
215689	1	0.1	1
247540	1	0.5	0.7
45431	0	0	0.6
50384	1	0.3	1
383698	1	0.2	0.7
329617	1	0.3	0.4
170746	1	0.6	0.9
408096	0	0.5	0.4
146476	1	0.4	0.4
517	1	0.5	0.1
375664	0	0	0.9
187319	1	0	0.7
184429	1	0.8	0.5
110709	0	0.8	0.9
152945	0	0.5	0.5
47712	1	0.1	0.3
214112	0	0.9	0.9
326885	1	0.6	0.4
381677	1	0.1	0.3
243467	1	0.8	0.3
169644	1	0.3	0.2
380660	0	0.7	0.4
247074	1	0.6	0.2
156963	0	0.6	0.1
141882	1	0.5	0.3
136102	0	0.4	0.8
138569	1	1	0
293312	0	0.2	0.2
328562	1	0	0.9
424902	1	0.5	0.9
296901	0	1	0.7
101582	0	0.2	0.8
151324	0	0.7	0.2
154304	0	0.2	0.8
268550	0	0.2	0
211879	0	0.2	0
289231	0	0.8	0.6
65784	0	0.6	0
375907	1	0.6	0.7
276584	0	0.7	0.5
19074	1	0.6	0.7
213065	1	0.3	0.9
146217	0	0.4	0.4
133505	1	0.7	0.1
34775	0	0.1	0.2
63605	0	0.9	0.2
297432	0	0.7	0.3
89383	1	0	0.4
170293	1	0.8	0.5
44782	0	0.9	0.9
60176	1	0.2	1
107644	0	0	0
213995	0	0.2	0
183681	0	1	1
42022	1	0.6	0.6
63795	0	0.8	0.5
317620	0	0.6	0.1
363820	0	0.8	0.4
139438	1	0	0.2
148707	0	0.1	0.1
99078	1	0.7	0
331051	0	0.9	0.5
361666	0	0.9	0.7
53645	1	0.4	0.6
241106	0	0.3	0.8
419919	1	0.1	0.5
131885	1	0	0.7
170787	0	0.5	0.8
104786	1	0.2	0.8
141924	1	0	0.1
59294	0	0.8	0.4
54028	0	1	0.1
195029	0	0	0.9
16675	0	0	0.7
124849	0	0.1	0.8
202500	0	0.3	0.2
323336	1	0.9	0.2
97302	0	1	0.4
346545	0	0.5	0.8
2642	1	0.7	1
335620	1	0.6	0.6
391096	1	0.6	0.1
226146	0	0.8	0.4
50289	1	0	0.7
161955	1	0.3	0.5
264520	1	0	0.6
166359	0	1	0.1
219653	0	0.2	0.3
78615	1	1	0.2
209409	0	0.1	1
338953	0	0.6	0.8
73291	1	0.8	0.5
178907	1	0.3	1
157843	0	0.2	0.9
266716	0	0	0.3
276178	1	0.8	0.3
168421	0	0.8	0.8
299273	0	0.2	0.8
140185	0	0.2	0.9
320489	1	0.7	1
156025	0	0.1	0.1
330856	1	0.1	0.9
45628	0	0.4	0.8
248448	1	0.5	0
133806	1	0.2	0.3
249451	1	0.2	0.8
78160	1	0.4	0.9
131156	1	0.6	0.7
361283	0	0.7	0.3
247528	0	0.7	0.9
9439	1	0.9	0.3
207570	0	0.6	0.8
288631	0	0.4	0.5
12518	1	0.6	0.3
11138	0	0.9	0.9
294833	0	0.4	0.4
212891	0	0.4	0.5
63859	1	0.4	0.9
70077	1	0	0.1
108265	0	0.8	0
336331	1	0.2	0
330537	0	1	0.4
234341	1	1	0
284076	0	0.2	0.6
8715	0	0.8	0.7
192835	1	0.3	0.2
319119	1	0.5	0.8
226787	0	0.4	0.6
220616	0	0.8	0.3
291522	1	0	0
127760	0	0.1	0.6
115808	1	0.8	0
101827	1	0.1	0
215471	0	0.7	1
77716	1	0.8	0.6
338456	1	0.1	0.2
72732	0	0.7	0.4
350751	1	0.3	0.9
236758	1	0.6	0.9
30570	0	0.4	0.4
109807	0	1	1
98960	0	0.9	0.9
256182	1	0.3	0.3
114861	0	0.2	0.5
132211	1	0.5	0.6
400728	0	0.4	0.1
15989	1	0	0.1
296152	0	0.6	0.1
242447	0	0.4	0.5
156894	0	0.4	0.8
370647	0	0.4	0
183899	0	1	0.4
206064	0	0.1	0.5
139416	0	0.3	0.2
71862	0	0.8	0
384430	1	0.3	0.7
63514	1	0	1
309389	1	0	0.8
303347	0	0.9	0.7
182237	1	0.8	0.6
244273	0	1	0.6
174299	0	0.3	0.3
406882	1	0.6	0.7
262157	1	0.3	1
244516	0	0.8	0.6
217675	0	0.7	0.5
216690	0	1	0.2
20318	0	0.4	0.3
129699	0	1	0.7
33584	1	1	0.1
68254	0	0.4	0.5
80285	0	0.2	0.3
323903	1	0.9	0.6
138389	1	0.2	0.7
236447	0	0.6	1
112596	0	0.4	0.2
23945	0	1	0.8
336113	1	0.6	0.5
366579	0	0.8	0.9
350827	0	0.2	0.1
97480	0	0.8	0.1
164758	1	0.4	0.8
32004	0	0.7	0.2
287474	0	0.9	0.8
26449	0	1	0.6
69480	0	0.8	0.7
104807	1	0.4	0.8
270366	1	0.3	1
386897	0	0.4	0.7
179709	1	0.4	1
81450	1	0.6	0.1
101436	1	0.8	0.8
378713	0	0.5	0.6
342890	0	0.1	0.8
228784	0	1	0.7
9283	1	0.2	0.6
305564	1	0.9	1
66215	1	1	1
305569	0	0	0.5
68038	1	1	0.1
278349	1	0.3	0.8
30013	1	0.4	0.5
364418	0	0.5	0.8
31381	1	0.9	1
331815	1	1	1
162869	0	0.1	0.7
287470	0	1	0.5
237615	1	0.5	0.7
186508	1	0.2	0.2
141256	0	0.3	0.5
380099	0	0	0.1
243007	0	0.4	0.1
69038	0	0.8	0.9
325053	1	0.8	0.3
296193	1	0.7	0
407829	1	0.5	0.5
206833	0	0.1	0.2
148893	1	0.8	0.9
135911	1	0.5	1
85925	0	0.8	0.8
137493	1	0.7	0.4
138407	1	0.5	0.8
58794	1	0.4	0.9
89821	0	0.9	0
274087	0	0.9	0.6
97634	1	0.5	0.3
136290	1	0	0
50291	1	0	0.6
234976	1	0.3	0
56757	0	0.3	0
103452	0	0.3	0.3
83592	0	0.7	0.6
170332	1	0.4	0.1
78835	0	0.9	0.6
7600	1	0.3	0.3
131143	1	0.2	0
408208	0	0.6	0.1
157150	0	0	1
121698	0	0.2	1
340699	0	0	0.2
122438	1	0.7	0.8
286364	0	0.3	0.5
41097	1	0.6	0.6
290985	1	0.9	0.3
288790	1	0.6	0.5
116640	0	0.7	0
126955	1	0.2	0.5
243658	0	0.5	1
252373	0	0.7	0.7
26822	0	0.3	0.9
333127	0	0.9	0.3
379740	0	0.4	0.9
252655	0	1	0.7
327674	0	0.4	0.1
152136	1	0.1	0.9
268111	1	0.9	0.8
52016	1	0.3	0.7
316663	1	0	0.7
74184	1	0.4	0.1
193967	0	0	1
155964	1	0.9	0.1
343674	1	0.1	0.1
29096	1	0.1	0.6
304725	1	1	0.6
239734	0	0.9	1
322810	0	0	0.9
90139	1	0.4	0.6
234759	1	0.2	1
45722	1	1	0.6
383169	1	0.6	0.4
153589	1	0.2	1
326638	0	0.1	0.4
18900	0	0.8	0.3
360485	0	0.7	0.4
201754	0	0.4	0.9
294750	0	0.4	1
48507	1	0.8	0.3
174696	1	0.9	0.2
117596	1	0.2	0.8
362424	1	0.5	0.1
274622	0	0.3	0.4
132761	1	0.9	0.2
20401	1	0.5	1
397350	0	0.4	0.1
41358	0	0.9	0.6
20268	1	0.7	0.1
412385	1	0.9	0.7
175400	1	0.6	0.6
145778	1	0.3	0.3
183417	1	1	0.4
299800	1	1	0.8
266992	1	0.6	0.9
202637	1	0	0.3
332927	0	0.6	0.3
174988	1	0.2	0.6
159960	0	0.2	0.6
266617	0	0.2	0.7
332705	0	0.5	0.6
298583	0	0.1	0.3
129647	1	0.6	0.2
353294	0	0.9	0
207209	0	0.6	0.5
41449	1	0.9	0.8
276408	1	0.8	0.2
152127	0	1	0.8
28975	1	0.3	0.9
162433	1	0.6	0.7
341382	1	0.7	0.7
365297	0	1	0.4
29547	1	0.5	0.6
264460	0	0.9	0.3
293103	0	0.9	1
171094	1	0.8	0.9
183161	1	0.4	0.2
183328	0	0.7	0.9
261159	1	0.8	0.3
389637	0	0.2	0
320217	1	0.4	0.9
218079	1	0.3	0.5
43355	0	0.5	0.5
13343	1	0.4	0.5
261477	0	0.8	0
40373	0	0	0.9
214371	0	0	0.7
117680	0	0.1	0.8
164061	1	0.9	0.8
25039	0	0	0.5
169824	0	0	0.2
361643	0	0.2	0.5
188670	1	0.4	0.5
231898	1	0.4	0.7
253772	0	0	1
222711	0	1	0.3
15432	0	0.3	1
141391	0	0.5	0.4
349999	0	0.9	0.7
188737	1	0	0.8
56729	0	0.6	0.8
409172	1	0.1	0.3
120446	1	0.1	0
125295	0	0.9	0.5
94254	1	0	0
292158	0	0.8	1
242060	1	0.5	0.2
37626	1	0	0.6
48283	0	0	0
223078	0	0.3	1
197453	1	0.2	0.5
220232	0	0.8	1
28248	1	0	0.8
143086	0	0.8	0.1
124587	0	0.8	0.4
46417	0	0.5	0.9
323337	0	0.8	0.3
413860	0	0.1	0.4
231779	0	0.3	0.1
147132	1	0.5	0.4
321209	0	1	1
282921	1	1	0.7
225443	0	0.9	0.6
55434	1	0.1	0.6
321785	0	0.1	0.1
27968	1	0.4	0.9
39704	1	0.1	0.2
40909	0	0.8	0.1
20667	0	0.7	0
323780	0	0.9	0
113648	0	0.3	0.3
386875	1	0	0
215391	1	0.5	0.6
288999	0	0.5	0.1
197812	1	0.2	1
18669	0	0.4	0.5
169306	1	0	0.4
209132	0	0.8	0.8
34778	0	0.4	1
21224	1	0.3	0.9
380535	0	1	0.8
9529	0	0.1	0.3
368953	0	0.5	0.6
303298	0	0.9	0.9
211295	1	0.3	0.9
276559	1	0.1	1
238474	0	0.7	0.4
250608	0	0.1	0.7
38843	0	0.4	0.1
318606	0	0.9	0.6
411224	1	0.7	0.6
185036	0	0.7	0
301167	0	0.3	0.1
99486	1	0.1	0.3
77753	0	0.7	0.5
78223	0	0.2	0.6
105331	0	0.3	0.7
161738	1	1	0.6
125597	1	0.8	0.4
22502	0	0.9	0.7
128574	0	0.2	0.1
289258	0	0.2	0.7
54417	0	0.6	0
369435	0	0.4	0.5
53469	0	0.8	0.3
405609	1	0.6	0.2
40167	1	1	0.1
80704	0	0.8	1
359891	1	0.7	0.2
53638	1	0	0.8
247529	1	1	0.7
105485	0	0.9	0.4
327938	1	0.1	0
123248	0	0.9	1
28028	0	0.8	0.6
190153	1	0.2	1
299873	0	0.3	0.4
71975	1	0.8	0.8
260210	0	0	0.6
76797	0	0.1	0.6
236646	0	0.1	0.2
239	0	0.2	0.8
51605	0	0.8	0.1
115679	0	0.4	0.4
104836	1	0.1	0
172894	1	0.6	0.4
13485	1	0.7	0.9
32139	1	0.4	1
149728	1	0.4	0.6
191674	0	0.9	0.1
39595	1	0	0.6
340505	1	0.4	0.6
130558	0	0.1	0.6
327744	1	0.9	0
400135	0	0.8	1
75213	1	0.5	0.6
338346	0	1	0.6
46692	0	0.3	0.5
32474	1	0.3	0.9
149142	1	0.6	0.2
59834	0	0.2	0.3
212657	0	1	0.5
157262	0	0.4	0
27894	0	1	0.6
341222	1	0	0.5
161943	0	0.4	0
12394	1	0.2	1
206054	1	0.2	1
119585	1	0.2	0.2
417232	0	0.7	0
338683	0	0.7	0.5
105475	1	0.5	1
250121	1	0.8	0
16816	1	0.5	0.5
175029	1	0.1	0.3
363956	1	0.3	1
58129	1	0.8	0
262052	1	0.2	0.8
365206	1	0.5	0.1
159371	0	0.2	0.7
98055	0	0.3	1
361529	0	0.8	0.2
305021	1	0.3	0.9
21114	1	1	1
45108	1	0.3	0.7
233686	1	0	1
78785	0	0	0.3
48704	0	0.7	1
51193	1	0.1	0.7
219698	0	1	0.8
222342	1	0.3	0.5
242714	0	0.9	0.1
246453	1	0.6	0.7
309978	0	0.4	0.8
262093	1	0.5	0.2
91648	1	0.8	0.4
70218	1	0.7	0.1
387645	0	0.1	0.8
198490	0	0.9	0
342151	1	0.8	0.4
188462	0	0.8	0.6
83555	1	0.1	1
207372	1	0.5	0.7
188594	1	0	0.9
108113	0	0.1	0.4
156122	1	0	0.6
24804	1	1	0.7
202053	1	0.1	0.9
243605	1	0.6	0.2
269405	0	0.1	0.2
317794	1	0.7	0.4
134252	1	0.3	0.3
276192	0	0.7	0
261466	1	0.9	0.4
148572	1	0.7	0.2
187849	1	0.4	0.2
138312	1	0.4	0.8
325194	0	0.4	0.2
53360	0	0	1
366250	1	0.9	0
335793	0	0.7	0.7
129635	0	0.2	0.5
302714	0	0.4	0.4
147875	0	0.2	0.5
312064	1	0.5	0.6
207022	1	0.5	0.6
61977	0	1	0.7
303109	1	0.8	0.6
71228	0	0.4	0.3
112602	1	0.9	1
235571	0	0.1	0.1
112914	0	0.2	0.8
133144	0	0.8	0.4
258836	1	0.2	0
121995	0	0.8	0.6
259135	0	0	0.3
47415	1	0.1	0.1
264985	0	0.2	0.4
404284	0	0.3	0
406170	1	0	0.4
221017	1	0.4	0.4
364078	1	0.2	0.1
172302	1	0.1	1
279488	0	0.9	0.5
14044	1	0.7	0.2
71247	1	0.3	0.7
349953	1	0	0.3
320083	0	0.6	0.4
49854	0	0.5	0.8
203078	1	0.1	0.5
76081	0	0.4	0.5
166091	1	0.4	0.3
71849	1	0.7	0.6
368467	1	0.2	0.6
369056	0	0	0.9
187321	0	0.3	0.8
163297	0	0.7	0.5
18987	0	0.2	0.9
214038	1	0.6	0.8
12267	1	0.1	0.1
291614	1	0.7	0.9
368873	0	0.4	0.6
286719	0	0.5	0.7
41335	1	0.2	0.2
120019	0	0.2	0
153024	0	0	0.3
131007	1	0.3	1
322277	1	0.1	0
310615	0	0.6	0.3
195431	1	0	0.8
45575	0	0	0.2
148368	1	0.2	0.8
309335	0	0.5	0.6
286797	1	0.7	0.6
397054	0	0.8	0.8
104056	1	0.6	0.3
207062	0	0.1	0.3
243439	0	0	0
203529	1	0.7	0.8
378581	1	0.5	0.2
176026	0	0.6	0.5
338484	0	0.1	1
269051	0	0.4	0.1
313027	0	0.5	0.7
93011	0	0.2	0.4
47470	0	0.3	0.5
230263	1	0.4	0.5
85162	1	0.4	0.4
265923	0	0.8	0.1
407730	1	0.9	0
381163	0	0.6	0.3
28702	1	0.8	0
39321	0	0	0.8
231436	1	0.4	0.6
342105	1	0	1
133502	0	1	0.3
42094	1	0.7	0.7
360973	0	0.6	1
197933	0	0.1	1
84524	0	0.5	0.4
355100	1	0.2	0.6
90264	1	0.4	0.5
204745	0	0.2	0.2
60179	0	0.9	0.8
240360	0	0.7	0.6
241546	1	0	1
293710	0	0.8	1
301917	1	1	0
205633	0	0	0.7
22080	0	0.3	0.4
183702	1	0.2	0.1
24876	1	0.6	0.9
33537	0	0.3	0.7
260787	1	0.6	0.2
191513	0	0.3	0.6
65279	1	0	0.8
157267	0	0.5	1
28226	0	0.4	0.4
345866	1	0.8	0.5
362266	0	0	0.9
416688	0	0.9	0.7
131024	1	0.4	0.9
419369	0	0.4	0.8
115629	1	0	1
54807	1	0.5	0.8
247809	1	0.4	0.7
46970	1	0.7	0.5
169120	1	0.5	0.9
233322	0	0	1
116447	0	0.1	0
54795	1	0	0.9
29423	1	0	0.2
249538	1	0.1	0
37658	1	0.2	0.8
288806	1	0.9	0.2
272256	1	0.2	0.4
79221	1	0.3	0.4
273183	0	1	0.9
219341	1	0.6	1
403977	1	0.9	0
318226	0	0.3	0.5
252384	1	0.9	1
312510	0	0.5	0.8
289601	1	1	0
140044	0	1	0.5
13870	0	1	0.9
62715	1	0.6	0.8
145499	1	0.8	0.6
281974	0	0.5	0.9
342656	0	0	0.5
220269	0	1	0.9
326148	0	1	0.7
356402	0	1	0
163115	0	0.1	0.8
20307	0	0.7	0.9
363290	1	0.4	1
148160	1	0.3	0.2
332555	0	0.7	1
146608	1	0.6	0.7
164515	1	0.9	0.9
130539	0	0.9	1
364230	1	0.4	0
84802	0	0.7	1
402758	0	0.1	0.7
64592	1	0.9	0.4
218274	1	0.7	0.9
221856	0	0.5	0.6
253412	0	1	0.7
318616	0	1	0.7
210933	0	0.4	0
22071	1	0.1	0.7
235037	1	0.7	0
168331	0	0.2	0.3
20580	1	0.1	0.2
306271	1	0	0.5
313644	1	0.9	0.5
31459	1	0.5	0
130027	0	0.1	0
151462	0	0.3	0.1
114774	0	1	0.5
155422	0	0.4	0.8
320858	0	0.6	0.1
203031	0	0.3	0.7
132578	1	0.1	0.2
53654	1	0	0.8
292393	0	0.6	0.6
334939	0	0.5	0.4
56007	1	0.4	0.3
48055	0	0.5	0
404122	1	0.7	0
306810	0	0.7	0.2
66842	1	0.3	1
140355	1	0.6	0.3
34268	1	1	0.4
174003	0	0.6	1
217793	1	0	0.6
381999	0	0.5	0.1
421554	1	0.2	0
406927	1	0.7	0.5
39554	1	0.3	0.5
379089	1	0.5	0
333836	1	0.1	0.2
244797	0	0.2	0.3
286198	1	0.8	0.9
242268	0	0.7	0
366819	1	0.6	0.6
302737	0	0.6	0.8
205921	1	0.1	0.9
328272	0	0.9	0.5
56230	1	0.8	0.4
178142	0	0.4	0.7
61905	1	0.9	0.4
53325	0	0.2	0.3
298526	1	0.5	1
394899	0	0.7	0.2
5512	0	0.1	0
121845	1	0	0.6
307055	0	0.4	0.1
20129	0	0.2	0.4
354269	1	0.7	1
52857	1	0.8	0.8
162549	0	0.9	1
67868	0	0.9	0.3
268178	1	0.5	0.9
27815	1	0.5	0.2
248488	1	0.6	0.5
268076	1	0.4	0.4
369283	1	1	0.8
242674	0	0	0.4
407121	0	0.4	0.4
35460	1	0.4	0.2
288765	0	0.9	0.8
178772	1	0.8	0.7
101859	0	0.4	0.8
118601	0	0	0.1
378145	0	0.4	1
208161	1	0.1	0.4
123306	1	0.4	0.8
369649	0	0.9	0.9
6884	1	0.6	0.8
294922	1	0.2	0.5
173779	1	0	0.9
331193	0	1	0.7
208486	1	0.4	0.7
140319	0	0.3	0.2
91255	0	0.9	1
218453	1	0.2	0.8
229361	1	0.5	0.1
16323	1	0	0
248447	1	0.1	0.4
107518	1	0.5	0.9
141001	1	0.6	0.5
30092	1	0.6	0.5
351892	1	0.6	0.6
215011	0	0.1	0.3
308808	0	0.6	0.5
292018	0	0.4	0.4
281024	0	0.3	0.5
374825	1	0.4	0.7
103789	0	0.5	0
10093	1	0.1	0.1
68135	1	0.8	0.3
241271	1	0	0.6
257186	1	0.6	0.5
116800	1	0.2	0.3
167243	1	0.6	0.8
338885	1	0	0.7
349460	0	0.6	0.6
9574	0	0.2	0.7
173028	1	0.7	0.1
112137	0	1	0.7
212733	0	0.6	0.8
176894	1	0.8	0.3
404199	0	0.1	0.9
326502	0	0.7	0.6
257990	0	0.8	0.3
76116	1	0.1	0.2
76884	0	0.7	0.2
364092	0	1	1
163375	1	0.1	0.1
219289	0	0.1	0.9
190664	0	0	0.6
239411	0	0.5	0.2
191036	0	1	0.4
360678	1	0.8	0.7
73019	1	0.5	0.3
272273	0	0	0.7
78308	1	0	0.1
406254	1	0.4	0.5
101630	1	0	0.1
253146	1	1	0.1
289957	0	0.3	0.1
52897	1	0.2	0.9
97515	1	0.4	0.4
249976	1	0.4	0.3
59065	1	0.5	0.3
75549	0	0.4	0.8
1690	1	1	1
265487	1	0.4	0
295179	1	0.6	1
58931	1	0.2	0.9
41611	0	0.8	0.7
212507	0	0.5	0.6
385992	0	0.8	0
120604	0	1	0.8
34573	1	0.1	0.3
227970	1	0.8	0.4
23867	0	0.8	0.5
210727	0	0.9	0
173604	0	0.1	1
82683	1	0.2	0.3
313438	0	0.8	0.2
211976	1	1	0.7
133734	0	0.4	0.8
380640	1	0	0
235713	0	0.5	0
185982	0	0.5	0
291742	0	0.9	0.2
394066	0	1	1
101879	0	0.7	0.9
304988	1	0	1
136784	1	0.8	0.4
319024	1	0.7	0.6
139331	1	0.7	0.7
148881	0	1	0.5
288580	0	0.8	1
230835	1	0.9	0
360261	0	0.7	0.8
228269	0	0.7	0.4
185630	0	1	0.7
52074	1	0.4	0.8
219433	0	0	0.1
229747	0	0.7	0.4
70795	0	0.7	0.8
327424	0	0.3	0.5
231104	1	0.7	1
128999	1	0.9	0.1
146609	1	0.4	0.4
195082	1	0.5	0.3
74656	0	0.6	0.4
236790	0	0.8	0.7
310854	0	0.5	0.6
168169	1	0.4	0.9
105407	0	0.1	0.8
405402	1	0	0.1
251329	1	0.7	0.2
291603	1	0.2	0.7
364324	0	1	0.6
96768	0	0	0.5
236960	0	0.6	0.3
8411	1	0.1	0.5
123854	1	0.5	0.7
201240	1	0.2	0
86984	1	0.7	0
240990	0	0.8	0.9
151202	0	0.5	0.6
243712	1	0.3	0.8
212861	1	0.6	0
141309	0	0.2	0.2
379938	1	0.8	0.9
406213	1	0.7	0.1
259222	1	0.3	0.3
166800	1	0.1	0.7
50306	1	0.8	0.8
39951	1	0.3	0.5
57822	1	0.3	0.4
257269	1	1	0.5
108831	0	0.5	0.2
267508	0	0.1	0.3
196181	1	0.6	0.7
291956	0	0.3	0
267897	0	1	0.4
70720	1	0.4	0.3
141523	1	0.9	0
196257	0	0.4	0.7
108638	1	0.9	0.2
178063	1	0.7	0.5
263088	1	0.4	0.9
151360	1	0.8	0.6
173962	1	0.5	0.4
321525	1	0.1	0
201892	0	0.3	0
402129	1	1	0.6
133082	0	0.5	0.8
268350	0	0	1
350148	0	0.1	0
388917	0	0.5	0.1
127603	0	0.3	0.8
120553	1	1	0.3
92943	1	0.2	0.6
29120	0	0.1	0.8
83971	1	0.8	1
273284	1	0.3	0.8
190969	0	0.2	0.8
367821	0	0.6	0.1
22462	0	0.3	0.5
105919	1	0.3	0.4
156884	0	0.2	0.1
46187	1	0.4	0.7
30348	0	0.1	0.7
395640	1	0.8	0.2
43713	1	0.6	0
325763	0	0.1	0.7
25386	1	0.4	0.3
113635	0	0.1	0.2
5848	1	0.3	0.5
382575	0	0.4	0.6
197690	1	1	0.5
159367	0	0.5	0.4
192005	0	0.1	0.1
64708	0	0.7	0.5
80705	0	0	0.9
65501	0	0.6	0.3
299886	0	1	0.1
226689	1	0.4	0.5
167444	1	0.8	0
279239	0	0.3	0.3
19190	0	0.3	0.7
185690	1	0.8	0.5
236252	1	0.1	0.7
183398	1	0.5	1
315155	0	0.3	1
70362	1	0.5	0.6
321872	1	0.7	0.3
28003	0	0.5	0.7
205774	1	1	0
20623	0	0.8	0.4
119875	1	0.4	0.4
248269	1	0	0.6
93191	0	0.4	0.5
6159	0	0.4	0.2
219476	0	0.3	0.1
64119	1	0.2	0
185492	1	0	0.2
388860	0	0.6	0.2
111369	1	0.6	0.2
330787	0	0.4	0.6
16209	1	0.5	0.1
265662	0	0.4	0.2
234330	1	0	0.8
406889	0	0	0.3
377578	0	0.7	0.7
222758	1	1	0.3
184677	1	0.7	0.7
50178	0	1	0.5
241519	1	1	0.5
274816	1	0.3	0.6
108689	0	1	0.6
104313	0	0.7	0.1
193774	1	0.7	0.3
138530	0	1	0.7
119552	0	0.4	0.6
207854	1	0.6	0.4
55457	0	0.4	0.6
235222	0	0.6	0.4
25563	0	0.9	0.1
111382	0	0.2	0.7
209077	0	0.2	0.3
189854	1	0.5	0.9
228892	0	0.1	0.2
187561	1	0.6	0.1
27110	0	0.1	0.7
243052	1	0.1	0.2
408988	0	0.4	0.2
66875	0	0.5	0.5
166954	1	0.5	0.6
132526	1	0	0.8
217565	1	0.6	1
146677	0	0.3	0.1
131803	1	0.5	0.8
261675	1	0	0.7
93262	0	0.6	0.5
304079	1	0.9	0.4
341744	0	0.9	0
387737	1	0.8	0
132135	1	0	0.6
98102	0	0.2	0.2
81091	1	0.5	0.8
155426	1	0	0.4
63290	1	0.5	1
389966	0	0.5	0.1
149604	0	0.4	0.6
193905	1	0.4	0.7
36239	1	0.9	1
243821	1	0.4	1
80685	1	0.6	0.3
236778	1	0.7	0.9
37721	0	0.1	0.8
50005	0	0.6	0.2
121042	0	0.8	0
9446	0	0.4	0.5
98808	1	0	0.6
333538	0	0.2	0.9
46721	0	0.3	0.9
333034	0	0.8	0.7
86806	0	0.9	1
91256	1	1	1
181318	0	0.9	0.3
324664	1	0.2	0.7
73191	1	0.8	0.9
89176	0	0.9	0.2
383363	1	0.7	0.5
350369	1	0.2	0.6
77805	0	0.4	0.1
60704	0	1	0.5
107355	0	0.9	0.7
186813	0	0.5	0.4
26884	1	0.5	0.5
136061	0	0.2	0
123186	0	0.5	0.7
371701	0	0.6	0.8
59632	0	0.7	0.1
280293	0	0.3	0.8
196343	0	0.3	0.8
405602	1	0.6	0.6
163737	1	0.7	0.9
334605	0	0	0.6
44896	0	0.8	0.9
42862	1	0.1	0.8
123491	0	0.1	0
348030	0	0.6	0.4
173552	1	0.6	0.4
395180	1	0.1	0.5
352676	0	0.9	0.5
126783	0	0.7	0.5
76879	0	0.5	0.8
318434	1	0.2	0.3
379262	1	0	0
404981	0	0.4	0.1
69755	1	0.1	0.7
191723	1	1	0.3
193896	1	0.2	0.5
79627	1	0.2	0.6
167887	0	0.6	0.2
256644	0	1	0.5
270238	1	0.5	0
24224	1	0.3	0.5
182775	1	0.9	0.3
63094	1	0.7	0
412497	1	0.7	0
203383	0	0.2	0.1
267031	1	0.9	0
331417	1	0.3	0.4
271671	1	0.8	0.8
380065	0	0.7	0.1
299908	1	0.2	0.8
34177	1	0.1	0.3
298389	0	0.6	0.4
237211	1	1	0.6
162255	0	0.5	0.3
82712	1	0	0.9
316239	0	0	0.5
48340	1	0.6	0.7
36637	1	0.7	0
253633	1	0	0.9
223616	0	0.4	1
372651	0	0.1	0.4
300462	1	0.9	0.1
85221	1	0.2	0.4
10022	0	0.6	1
123758	0	0.3	0.7
399172	1	0.4	0.1
234738	1	1	0.6
252580	1	1	0.6
197080	0	0.3	0.7
103830	1	0.8	0.1
227090	1	0.3	1
379361	1	0.7	0.7
330207	1	0.6	0.6
127226	0	0.9	0.8
173985	1	0.2	0.7
217650	1	0.7	1
153897	0	0.4	0.9
232318	1	0.2	0.2
89375	0	0.6	0.9
204109	1	0.7	0.3
336231	1	0.8	0.9
265051	0	0.8	1
334288	1	1	0.6
181487	0	0.4	0.7
172176	1	0.2	0.7
165970	0	0.8	0.3
100027	0	0.9	0.1
201338	1	0.3	0.4
75847	1	0.9	0.7
174538	0	0.3	0.2
268641	0	0.5	0.1
278254	0	0.2	0.8
235240	0	0	0
418694	1	0.1	0.4
57916	0	0.7	0.5
296207	1	0.6	0.1
355123	1	0.5	1
56567	1	0.5	0.6
23670	0	0.6	0.6
14684	0	0	0.7
386077	0	0.7	0.4
85923	1	0.2	0.2
93161	0	0.1	0.7
368722	0	0.3	0.5
272141	0	0.3	0.7
19079	1	0.2	0.7
134382	1	0.8	0.4
147103	0	0.4	0.6
213500	1	0.6	0.1
135034	0	0.8	0
76504	1	0.9	1
182823	0	0.6	0.4
38346	0	0.9	0.4
329669	1	0.5	0.6
363047	1	0	0.7
145149	0	0.4	0.1
41196	1	0.8	0.7
164607	1	0.6	0.5
419840	1	0.7	0.4
55951	0	0.5	0.4
60786	1	0.4	0.4
235164	0	0.3	0.2
6371	1	0.8	0
170286	1	0	0.3
388438	0	0.1	0
399120	1	1	0.3
110283	1	0.6	0.9
266678	1	0.5	0.1
63836	1	1	0.8
4161	0	0.2	0.3
222145	0	0.7	0.2
307725	1	0.9	0.2
343924	0	0.3	0.2
236157	0	0.2	0.1
330418	0	0.4	0.2
182539	1	0.6	0.2
363714	0	0	0.4
80259	0	0.3	0.2
71071	1	1	0.9
215773	0	0.1	0.1
349610	0	0.3	0.5
65760	1	0.8	0.5
271071	0	0.5	0.1
248570	0	0.9	0.9
53823	1	0.9	0.8
126979	1	0.9	0.3
154038	0	0.6	0.7
221402	1	0.3	0.2
73737	1	0.6	0.2
59440	1	0.2	0.4
30775	1	0.2	0
93368	1	1	1
183145	0	0.1	0.9
102868	1	0	0.3
174982	0	0.8	0.4
175088	1	1	0.4
240726	0	0.8	0.5
326040	0	0.9	0.6
403527	1	0.7	0.2
380116	1	1	0.2
153853	1	0.3	0.1
123334	0	0.7	0.1
183624	0	0	1
146691	0	1	1
338785	1	0	0.6
10067	1	0.6	0.4
376985	0	0.5	0.8
307056	0	0.5	0.6
106110	1	0.3	0.8
211303	1	0.9	0.7
282454	0	0.8	0.8
125300	1	0.4	0.7
46449	0	1	0.9
391936	0	0.4	0.3
156787	0	0.6	0
207403	0	0.4	0.8
226199	0	0.4	0.1
159679	1	0.2	0.5
306525	1	0.8	0.3
319290	0	0.1	0.4
128466	0	0.3	0.7
379198	0	0.2	0.9
106374	0	0.2	0.8
129633	0	0.3	0
140791	0	0.7	0.1
59410	0	0.4	0.1
276136	0	0.4	0.6
230441	0	0.9	0.2
95762	1	0.7	0.1
159901	0	0.2	0.8
109553	0	0.7	0.1
93387	1	0.4	0.1
401901	1	0.9	1
52597	1	0.6	0.7
27923	0	0.4	0.2
97907	1	0.4	1
294099	0	0	0.9
77796	0	0.1	0.1
5352	0	0.8	0.4
105471	0	0.7	0.9
118924	0	0.2	0.4
138167	0	0.5	0.7
154790	1	1	0.4
314556	1	0.9	0.2
20930	0	0.8	0
51472	0	1	0
233617	1	0.6	1
147896	0	0.8	0.9
48983	1	0.4	0.9
205532	1	0.1	0.5
238005	1	0.6	0.7
241584	1	0.9	0.7
363563	0	0.2	0.7
51948	1	0.6	0.9
392768	1	0.3	0.5
200510	0	0.5	0.9
340796	1	0.3	0
275181	0	1	1
276468	1	0.8	0.6
228429	1	0.9	0.3
116012	1	0	0.7
294042	0	0.3	0.5
306673	0	0.3	0.3
193526	0	0	0.2
115724	0	0.6	0.7
101772	0	0.1	1
181724	0	0.6	0.4
24076	1	0.4	0.6
311237	1	0.8	0.1
43822	0	0.2	0.2
132180	1	0.1	1
403144	0	0.4	0.5
222844	1	0.5	0.1
246017	1	0.4	0.2
413680	0	0.3	0.3
31831	0	0.4	0.6
148370	0	0.5	0.1
237886	1	0.3	0.8
1769	0	0.2	0.8
207000	0	0.8	0.4
18592	1	0.5	0.4
94343	0	0.4	0.4
237385	1	0.1	1
121357	0	0.9	0.7
412258	1	0.7	0.6
202769	1	0.1	0
13955	1	0.8	0.9
282590	0	0.8	0.6
54810	0	0.6	0.8
6433	1	0.8	0.9
131048	0	0.6	1
173055	0	0	0.4
103812	0	0.8	0.6
211063	0	0.4	0.3
309349	1	0.2	0
238634	1	0.9	0.6
322458	0	0.7	0.5
258557	1	0.2	0.1
95627	1	0.6	0.4
92712	0	0.4	0.8
58490	0	0.3	1
301390	1	0.1	0
160617	1	0.7	0.6
212291	1	1	0
347186	0	0.1	0.8
14104	1	0.1	0
61640	0	0.1	0.3
20913	1	1	0.6
101728	0	1	0.5
295535	0	0.5	0
19442	1	0.1	0
170568	0	1	0.6
406130	1	0.5	0.1
168281	1	0.3	0.4
387693	1	0.7	0.2
124323	0	0.8	0.7
147164	1	0.4	0.9
285700	1	0.7	0.8
204910	0	0.9	0.4
55007	1	0.8	1
243754	1	0.5	0
167855	0	0.7	0.8
218970	1	0.9	0
24979	1	0.9	0.6
24918	0	1	0.6
293902	0	0.8	0
258314	1	0.5	0.3
100183	1	0.1	0.1
56150	0	1	0.9
166721	0	0.3	0.3
152488	1	0	0.3
67050	1	0.8	0.2
112609	0	0.2	0.1
319927	0	0.9	0.4
341472	0	0.4	0.8
11914	1	0.6	0.2
181755	0	0.2	0.2
73335	0	0.3	0.6
261984	0	0.6	0.5
114154	0	0.3	0.7
256279	1	0	0.4
51393	0	0.4	1
379451	1	0.1	0.4
120842	0	0.1	1
40562	1	0.5	0.6
286207	0	0.1	0.7
257254	1	0.8	0
8923	0	0.4	0.6
152422	0	0.8	0.2
319640	0	0.1	0.3
48154	0	0.4	0
146194	1	0.9	0.8
113004	0	0	0.6
51200	0	0.5	0.7
91286	1	0.7	0
97570	1	1	0.9
100649	0	0.7	0.5
245937	0	0.1	1
129988	0	0.9	0.5
204923	0	0	0.1
275795	0	0.3	0.3
258278	1	0	0.6
179667	1	0.6	1
256143	1	0.8	0.7
88255	1	0.4	0.7
201484	1	0	0.8
19032	0	1	0.7
327657	0	0.7	0.2
128514	0	0.2	0.1
49978	0	0.9	0.6
381648	1	0.4	0.7
179443	1	0.8	0.7
168563	0	0.8	0.2
312643	0	0.1	0.4
110239	1	0.2	0
194778	1	0.3	0.8
168943	0	0.2	1
107386	0	1	0.7
389308	0	0.2	0.1
119993	0	0.5	0.1
132296	0	0.7	0.2
33929	1	0.8	1
143098	0	0.3	0
195103	0	0.1	0.7
204376	0	0	0.9
67291	0	0	0.9
149479	1	0.1	0.2
153050	0	0.1	1
279034	1	1	0.8
61576	0	0.1	0.8
104333	1	0	0.7
59378	0	0	0
217382	1	0.7	0.3
128503	0	0.8	0.4
117257	1	1	0.4
240247	1	0.5	0.4
86585	0	0.5	1
45117	1	0	0.1
88157	0	0.5	0.4
158001	0	0.8	0.9
273003	1	0	0.8
35866	1	0.8	0.2
116922	1	0.1	1
370859	1	0.1	0.8
260192	1	0	0.5
342012	1	0.8	0
65435	0	0.1	0.5
122177	0	0.4	0.8
267196	1	0.5	0.3
117194	0	0.7	1
125347	1	0.6	0.4
408844	1	0.8	0.6
238186	1	0.4	0.7
162596	1	0	0.2
218637	1	1	0.8
35037	1	0.8	0
80423	1	0.1	0.2
220017	0	0.2	0.4
30964	1	1	0.2
289812	0	0.3	1
393122	0	0.8	0.4
132224	1	0.3	0.4
138305	0	0.4	0.2
140306	1	0	0.8
31168	1	0.1	0.6
337403	0	0.6	0.8
229111	1	1	0.4
262687	1	0.7	0.8
44284	0	0.8	0.2
115467	1	0.8	0.1
90956	1	0.6	0.6
120889	1	0.5	0.7
264145	0	0.6	0.5
244130	1	0.3	0.3
153818	1	0.1	0.5
331257	0	0.3	1
69832	1	0.6	1
148839	1	0.5	0.5
155478	1	0.2	0.4
168608	0	0.8	0.4
371440	1	0.9	0.7
37295	0	0.1	0.5
328529	1	0.1	0.3
248807	0	1	0.3
55940	1	0.7	0.6
320864	0	0	0.1
265863	1	0.2	0.2
32440	0	0.8	0.6
312177	1	0.8	0.7
54537	1	0.8	0.4
153396	0	0.1	0.4
54433	1	0.1	0.3
325509	0	0.4	0.8
130708	0	0.6	0.3
172850	0	0	0.1
291395	0	1	0.4
186256	0	0.8	0.9
26617	1	0.9	0.7
114346	1	0.1	0.6
135042	0	0.5	0.2
372735	1	0.2	0.9
328823	1	0.4	0.1
62276	0	0.2	0.1
378930	1	0.2	0.9
79646	1	0.5	1
58716	0	0.7	1
330901	0	0.8	0
286127	0	0.4	0.9
156471	1	0.9	0.9
51566	0	0.5	0.1
174068	0	1	0.1
26666	1	0.8	0.2
385360	1	0	0.4
66354	1	0.8	0.7
246804	1	0.5	0.3
49737	1	0.2	0.3
243497	1	0.9	0.6
281625	0	0.9	0.9
131775	1	0	0.7
106467	0	0.6	0.4
19684	1	1	0.5
194343	0	0.8	0.4
189020	0	0.2	0.8
335513	1	0.5	0.3
375972	0	0	0
340188	0	0.7	0.6
88023	0	0.8	1
303157	0	0.8	0.7
120212	1	0.5	1
265279	0	0.3	0.3
130722	0	0	0.4
57876	1	1	0.5
88472	0	0.7	0.3
264260	0	0.8	0.3
296281	1	0.6	0.1
219838	1	0.3	0.5
202626	1	0.7	0.6
228599	1	0.1	0
205361	1	0.7	0.9
277771	0	0.3	0.7
7929	1	0.7	0.5
278607	1	0.5	0.8
160404	0	0.5	0.6
45229	0	0.3	0.6
293449	0	0.7	0.7
291446	0	0.7	0.1
92496	1	0.3	0.5
185594	1	0.9	0.6
186879	0	0.3	0.3
142497	0	0.9	0.7
277756	1	0.3	1
147087	0	0.1	0.7
178003	0	0.7	0
83341	0	0.2	0.6
51226	1	0.2	0.6
335966	0	0.2	0.9
262496	1	0.7	0.4
204520	1	0.1	0.8
107806	1	0.9	0.8
80710	1	0.5	0.9
238263	1	0.1	0.3
349197	0	0.7	0.6
166371	1	0.6	0.5
28371	0	1	0.4
375983	1	0.6	0.8
105372	1	0.8	0.7
80701	0	0.9	1
276464	1	0.2	0.7
246972	1	0	0.6
15037	0	0.9	0.4
369849	0	1	0.5
120888	0	1	0.5
329991	0	0.5	0.6
327445	0	0.4	0.4
26326	1	0.6	1
120677	1	0.3	0.6
80101	0	0.3	0.7
189314	0	0.5	0.8
364616	0	0	0.6
198427	1	0.8	0.2
128602	0	1	0.8
106369	1	0.8	1
137465	0	0.8	0.1
238883	0	0.1	0.8
124224	0	0.2	0.5
150304	1	0.5	0.9
15761	1	0.9	0.1
98599	0	0	0.1
374503	1	0.7	0.3
319204	1	0.4	0.8
326127	1	0.8	0.7
76847	0	0.3	0
319003	1	0.1	0.6
151137	0	0.8	0.2
40597	0	0.8	0.5
9783	0	0	0.9
221344	1	0.5	0.2
138592	0	1	0.5
416356	1	0.2	0.6
88025	0	0.3	0.3
20902	0	0.1	0.9
67185	0	0.5	0.2
22052	0	0.1	0
147358	0	0.7	0.2
81214	0	0.8	0.5
121771	0	0.4	0.1
48224	0	0.9	0.1
340364	0	0	0
216352	0	0.6	0.2
53053	0	0.9	0.6
368187	1	0.9	0.2
359020	0	0.9	0.5
75765	1	0.3	0.9
396974	0	0.4	0.1
140330	1	0.3	0.3
244637	0	0	0.2
177669	0	0.3	0.3
332260	1	0.7	0.6
140741	1	0.9	0.8
134306	0	0.5	0.8
259784	0	0.9	0.5
9780	1	0.3	0.4
57030	1	0.5	0.1
128049	0	1	0.7
99313	1	0.6	0
277379	1	0.9	0
372230	1	0.1	0.7
415571	0	0.3	0.8
397768	0	0.6	0.9
263854	0	0.2	0.5
194050	0	0.7	0.4
50933	1	1	0.8
304596	0	0.5	0.3
361197	1	0.4	0.3
356658	1	0.5	0.3
322359	1	0.4	0.9
425669	0	0	0.4
301994	1	0.9	0
116556	0	1	0.8
128386	0	1	0.4
295547	0	1	0.5
23663	0	0.2	0.4
308269	0	0.9	0.4
151151	0	0.1	1
125046	1	0.8	0.1
97830	1	0.6	0.5
227755	0	0.6	0.3
330449	0	0.1	1
240659	0	0.2	0.9
198821	0	0.7	0.3
75678	1	0.6	0.7
314238	1	0.8	0.2
347130	1	0.3	0
209612	0	0.2	1
147602	1	1	0.5
242893	1	0.5	0.9
293422	0	0.2	0.4
57053	0	0.9	0.2
407538	0	0.8	0.9
