374537	0	0.5	0.3
18026	0	0.3	0.2
250070	0	0.2	0.2
129746	1	0.4	0.6
17040	1	0	0.7
237952	0	0.2	0.5
55715	0	0.4	0.1
99031	1	0.4	0.4
388659	1	0	0.4
178822	1	0.8	0.6
54188	1	0.4	0.2
288869	0	0.6	0.8
56128	1	0.3	0.5
50871	1	0.3	0.6
149878	1	0.7	0.3
57983	1	0.9	0.4
250136	0	1	1
249301	1	0	0.8
348520	1	0.7	0.4
204204	0	0.8	0
61577	0	0.7	0.2
27803	0	0.1	0.2
297418	0	0	1
129220	1	0.9	0.2
2656	1	0.4	0.2
327835	0	0.5	0.2
49846	0	0.1	0.4
117682	0	1	0.7
127078	0	0.3	0.4
68527	1	0.7	1
302582	1	0	1
403764	1	0.8	0.6
342389	1	0.4	1
200531	1	0.8	0.1
67705	1	0.2	0.3
183487	0	0.5	0.3
119661	0	0.9	1
343674	1	0.1	0.1
21083	0	0.1	0.5
65802	0	0	0.9
247344	0	0.1	0.1
184930	1	0.5	0.3
68218	1	0.6	0.6
257647	0	0.1	0.7
143208	1	1	0.9
340882	1	0.1	0
245874	0	0.6	0.7
83115	1	0.5	0.6
405133	0	0.2	0.1
139871	1	1	0.6
322391	0	0	0.4
139532	1	0.1	0.2
43019	0	0.9	0.1
182816	1	0.8	0.2
87988	0	0	0.6
290599	0	0.7	0.2
182055	1	0.6	0.8
96628	0	1	0.3
10745	0	0.1	0.2
108858	1	0.1	0.7
356204	1	0.3	0.3
254008	0	0.3	0.2
417685	1	0.9	1
7345	0	1	0.4
261345	0	0.8	0.7
323782	0	0.1	0.3
177012	0	0.9	0.3
212514	1	0.9	0.5
406497	1	0.4	0.2
151285	0	0.3	0.1
6858	0	0.6	0.1
932	0	0.7	0.3
270141	1	0.1	0.7
267864	1	0.5	0.7
212204	0	0	0.7
105864	0	0.9	0.2
165189	0	0.1	0.4
30005	0	1	0.7
164128	1	0.5	0
132103	0	0.2	0.1
229826	1	0.6	0.7
74723	0	0.5	1
379424	0	0	0.6
395339	0	0.5	0.2
181740	0	0.5	0
177284	0	0.9	1
188485	0	0.5	0.6
63388	1	0.5	0.1
115585	0	0.6	0.8
204968	0	0.7	0.7
93562	1	0.5	0.3
320658	0	0.2	0.2
184618	0	0.3	0.3
35321	0	0.2	0.8
176043	1	1	0.6
149650	0	0.2	0.4
243287	0	0.6	0.5
168344	1	0.8	1
417505	0	0.2	0.1
268278	1	0.4	0.7
260469	1	0.7	0.8
84935	1	0.7	1
45645	1	1	0.3
25795	1	0.8	0.4
340227	1	0.5	0.9
136552	0	0	0.3
88013	0	0.2	0.5
405589	1	0.4	0.9
179497	1	0.2	0.3
257466	1	0.1	0.1
45942	0	0.9	0.8
57033	1	0.1	0
80713	1	1	0.1
205670	1	0.2	0.2
10083	1	0	0.3
102064	0	0.1	0.3
126923	1	1	0.1
105013	0	0.2	0.5
274777	1	0.7	0.2
121389	1	0.6	0.5
319979	0	0.2	0.6
379385	1	0.5	0.3
148050	0	0.6	0.5
191169	0	0	0.5
56070	1	1	0.1
48782	0	0.6	0.5
380116	1	1	0.2
303286	0	0.6	0.4
412224	0	0	0.9
370470	1	0	0.1
201430	1	0.6	0.9
185210	1	0.2	0.9
405987	0	0.6	0.3
161701	0	0.2	0.8
189948	1	0.7	0.2
63186	1	0.1	1
166633	1	0.3	0.8
289597	0	0.2	0.1
385211	0	0.6	0
50061	1	0.1	0.1
103744	1	0.1	0.4
251026	1	0.5	0.1
199077	1	0	0.3
198120	0	0.6	0.5
357852	0	0.5	0.8
92729	0	0.2	0.7
167440	1	0.2	0.6
321423	0	0.3	0.9
338972	1	0.9	0.1
10209	0	0.8	0.7
320608	0	0.3	0.1
236762	0	0.6	0.5
274549	0	0	0.7
324791	0	0.9	0
168218	0	0	0.9
169379	0	1	0
221657	0	0.6	0.2
45300	1	0.2	0.8
47795	1	0.8	0.3
171091	0	0.8	0.3
164462	1	0.9	0
241314	0	0.9	0.9
252157	1	1	0.1
35212	0	0.2	0.6
265824	1	0.9	1
124983	1	0.1	0.9
146271	0	0.5	0
217708	0	0.1	0.7
190855	0	0.8	0.8
119424	0	0.3	0.9
184614	1	0	0.6
229014	0	0.7	0.9
67243	1	0.6	0.8
103848	1	0.6	0.1
53783	0	0.9	0.3
365419	1	0	0
363869	0	1	0.6
45510	0	0	0.9
324493	1	0.3	0.5
318517	0	0.9	0.6
145877	0	0.7	0.8
105581	1	0.5	0
305223	0	1	0.2
182067	0	0	0
398592	1	0.3	0.8
372851	1	0.1	0.1
292622	0	0.1	1
57307	1	0.4	0.4
90423	1	0.7	0.4
333536	0	0.2	0.7
333471	0	0.1	0.8
90549	0	0	0.1
162194	0	0.5	0.7
306246	1	0.1	0.1
324652	0	0.4	0.9
67000	0	0.9	0.5
323558	1	1	0.2
385844	1	0.2	0.8
17388	1	0.7	0.3
338217	0	0.5	1
15649	1	0.5	0.6
169869	0	0.3	0.9
266478	1	0.1	0.8
68370	0	0.4	1
169424	0	0	0.6
163513	1	0.8	1
290724	0	0.3	0.1
120146	1	0.4	0.1
238123	1	0.8	0.9
177351	0	0.3	0.6
232069	0	0.6	0.5
170050	1	0.6	0.7
180922	0	0.3	0.1
16180	1	0.2	0.3
214834	0	0.5	0.1
368747	1	0.8	0.4
329058	1	0.9	0.2
189443	1	0.7	0.2
126550	1	0.1	0.8
115425	0	0.4	1
88605	1	0.8	0.1
125098	1	0.1	0.4
291413	0	0.8	0.2
182983	0	0.4	0.5
419199	1	0	0.8
353816	0	0.8	0.3
59453	1	0.4	0.3
248694	1	0.5	0.9
51109	1	0.6	0.6
111817	1	0	0.5
316750	0	0.6	0
194365	1	0.4	0.3
238649	0	1	0.4
42475	0	0.9	0.1
138349	0	0.3	1
177258	0	0.8	0.3
207595	1	0.7	0.8
213445	0	0.1	0.3
144711	1	0.7	0.8
238912	1	0.8	0.3
227582	0	0.6	0.5
214579	1	0.3	0.9
265365	1	0.1	0.8
68746	0	0	0.8
364997	0	0.7	0.7
95196	1	0.5	0.8
336844	1	0.1	0.2
5495	0	0.6	0.4
170335	0	0.7	0.2
320207	0	0	0.3
233509	0	0.1	0.5
82262	1	0.6	0.7
205565	0	0.9	0.3
274802	1	0.3	0.2
113627	1	0.1	1
97198	1	0.5	0.1
417631	1	0.4	0.5
287207	0	0.8	0.3
219385	1	0.6	0.7
268473	0	0.2	0
219565	1	0.2	0.1
406696	1	0.9	0.4
235827	0	0.5	0.9
351187	0	0.9	0.8
365410	0	0.2	0.8
356715	1	0.5	0.5
193682	1	0	0.8
372496	1	0.3	0.2
204949	1	0.2	0.5
238889	0	0.8	0.9
73851	1	0.4	0.3
172838	1	0.6	0.5
162618	0	0.8	0.6
36990	1	0.9	0.7
324544	1	0.3	0.9
134383	0	0.1	0.5
186466	1	0.4	0.2
420101	0	0.5	0.3
114096	1	0.6	0.1
269061	1	0	0.7
250750	0	0.3	0.9
117955	0	0.1	0.3
418235	0	0.3	0
145376	0	0.4	0.9
173607	0	0.3	0.2
224182	1	1	0.3
137737	0	0.6	0.6
76568	1	0.9	0.8
382153	0	0	0.5
90356	1	0.4	0.7
409894	0	0.9	0.9
3492	0	1	0.7
193420	0	0.3	0.8
200027	0	0.2	0.4
199848	0	0	0.2
8702	0	0.8	0.9
399954	1	0.3	0.1
378356	1	0.2	0
368332	0	0.9	0.6
328463	0	0.6	0.1
371710	1	0.5	0.7
166831	1	0.3	0.9
410644	0	0.5	1
175137	1	0.9	0.3
93873	1	0.4	0.6
348169	0	0.3	0.7
388701	0	0.9	1
267583	0	0.1	1
335438	0	0	0.1
307285	1	0.1	0.4
188224	0	0.8	0.5
163871	0	0.7	0.9
14332	1	0.4	0.3
185070	1	0.4	0.7
42845	1	0.6	0.5
333643	0	0.8	0.1
356662	1	0.1	0.1
309865	0	0.1	0.1
295870	0	0.6	0.5
296944	1	0	0
408092	1	0.1	0.8
418417	1	0.4	0.9
232131	0	1	0.7
237633	0	0	0.8
235405	0	1	0.9
419646	1	0	0.9
184015	1	0.2	0
173419	1	0.6	0.9
107247	1	0.8	0.9
338912	1	0	0.4
272205	1	0.3	0.4
204901	1	0.9	0.1
98914	0	0.1	0.8
173929	0	0.8	0.9
195076	1	0	1
173275	0	0.4	0.3
219993	0	0.3	0.2
316840	1	1	0
214777	0	0.2	0.4
330341	1	0.1	0.3
302762	1	0.7	0.5
56780	0	0.2	1
346071	1	0.9	0.6
134256	1	0.3	0.9
77121	0	0.6	0.2
309404	1	0.6	0.2
241221	1	1	0.6
385615	0	0.7	0.2
112177	0	0.6	1
290576	0	0.3	1
137450	0	0.2	0.3
383293	0	0.5	0.3
222474	0	0.3	0.8
304919	1	0.1	0
3871	1	0	0.2
281648	0	0.5	0.6
331943	0	1	0.5
207412	1	0.9	0.3
181467	0	0	0.5
13367	0	0.7	0
186235	1	0.3	0.3
383057	0	0.3	0.5
241945	0	0.5	0.5
384708	0	0.1	0.8
268594	1	0.2	0.7
357659	1	0.7	0.9
282958	0	0.6	0.3
55497	1	0.8	0.7
24321	1	0	0.5
96282	0	0.4	0.4
192335	0	0.6	0
61615	0	0	0.7
14532	1	0.7	0.6
186524	1	0.3	0.7
200084	1	0.1	0.1
298624	1	0.1	0.4
67209	1	0.7	0.8
136945	0	0.4	0.2
682	1	0	0.5
189934	0	0.4	0.2
100734	0	0.8	0.3
292260	1	0.6	0.7
281056	0	0.2	0.3
76287	1	0.1	0
244228	1	0.7	0.5
234843	1	0.9	0.6
267881	0	0.3	0.2
280254	1	0.4	0.8
18948	0	0.6	0.7
225048	0	0	0.4
278313	0	0.7	0.1
258257	0	0.8	0.9
147363	1	0.8	0.4
238944	1	0.1	0.6
194699	0	0.3	0.2
210711	0	0.4	0
190431	1	0.6	0.2
221462	0	0.6	1
17886	0	0.7	0.5
13068	0	0.2	1
46276	1	0.3	0.2
362383	0	0.9	1
105607	1	0.9	0.4
210299	1	0.8	0.4
258610	1	0.7	0.6
303256	0	1	0.6
76297	0	0.1	0.2
101591	1	0.8	0.5
57373	0	0.6	0.1
50440	1	1	0.5
320324	1	0.6	0.5
265863	1	0.2	0.2
58009	0	0.3	0.7
162002	1	0	0.8
93281	1	0	0.6
47067	0	0.6	1
65899	0	0.3	0.7
74070	1	0.4	0.4
153969	1	0.8	0
326541	1	0.5	0.3
149344	0	0.2	1
191685	1	0.9	0.6
323634	0	0	1
309111	1	1	0.6
99087	0	1	1
334593	0	0.3	0.3
277013	0	1	1
91413	1	0.6	0.5
421644	1	0.9	1
16567	1	0.3	0.1
400105	0	0.8	0.5
161296	0	0.7	0.3
322800	1	0.2	0.3
19032	0	1	0.7
298805	1	0.6	0.3
386559	0	0.1	0.2
369501	1	0.1	0.6
340113	0	0.9	0.6
165639	0	0	0.3
66663	0	1	0
190329	0	0.4	0.8
368992	0	0.3	0.2
34269	1	0.6	1
190262	0	0.5	0.3
324223	1	0.7	0.7
41550	1	1	0.6
59388	1	0.4	0
276650	0	0.2	1
77193	0	0.9	0.1
23155	1	0.7	0.4
114698	0	0.7	0
188466	1	1	0.8
193937	1	0.4	0.8
120309	1	0	0
62550	1	0.1	0.6
214498	1	0.5	0.9
138044	1	0.1	0.3
300660	0	0.5	0.2
149301	1	1	0.2
275222	0	0	1
41144	0	0.9	0.8
135608	0	0.5	0.6
39328	0	0.8	0.4
128286	0	0.9	1
13022	0	0.9	0.9
84994	1	0.4	0.8
303397	0	1	0.9
42495	1	0.7	0.1
134880	1	0.8	0.5
197602	0	0.1	0
185256	1	0.8	0
119157	0	0.6	0.5
107507	0	0.6	0
140301	1	0.1	0.6
98321	1	0.7	0.8
186868	0	0.1	0.5
240204	1	0.3	0.9
53541	0	0.2	0.5
47997	0	0.9	0.6
214942	1	0.5	0.3
83723	0	0.6	1
77177	1	0.1	1
182106	0	0.8	0.1
104030	1	1	0
150580	0	0.9	0.1
146180	0	0.9	0.4
65925	0	1	0.8
268915	0	0.5	0.9
148391	1	0.5	0.3
205387	0	0.8	0.2
93182	1	0.2	0.2
269395	0	0	0
234485	0	0.6	0.4
364318	0	0.8	0.9
157866	1	0.1	0.2
101604	0	0.4	0.7
48115	1	0.8	0.7
62603	1	0.3	0.9
18721	1	0.2	0.3
90131	1	0.6	0.4
127106	1	0.3	0.2
91052	0	0.9	0.3
191329	0	0.4	1
71343	0	0.3	1
55074	1	0	0.5
353022	0	0	0.8
403863	1	0.3	0.8
105509	1	0.2	0
9703	1	0.1	0.8
39002	0	0	0.5
106839	1	0.8	0.8
174434	1	0.7	0.8
89874	0	0.7	0.2
295416	1	1	0.5
180987	1	0.6	0.8
207945	1	1	0.2
93848	0	0.8	0.4
244171	1	0.1	0.7
329611	0	0.9	0.5
134810	1	0.6	0.2
229588	1	0.1	1
20902	0	0.1	0.9
191097	1	0.9	0.1
363375	1	0.9	0.4
40336	0	0.3	0.1
242783	1	0.2	1
423273	0	0.3	0.1
275805	1	0.6	0.9
377445	0	0.5	0.6
301975	1	0.1	0.7
338235	0	0.7	0
30515	1	0.4	0.9
164686	1	0.3	0.3
169056	0	0.8	0.7
108918	0	0.8	0.7
204361	0	0	0.9
133449	0	0.4	1
265406	0	0.4	0.8
57884	0	0.6	0.8
62655	1	0.7	0.6
214288	1	0.2	0.6
385922	1	0.7	1
366986	0	0	0.5
336943	0	0.3	0.4
97986	0	0.6	1
88496	0	0.5	0.5
416840	1	0	0
319514	1	0.2	0.4
74627	1	0.2	0.3
374774	0	0.8	0.6
296074	0	0.8	0.6
331787	1	0.4	0.5
199185	1	0.9	0.9
136545	1	0	0.2
152924	0	0.8	0.1
113339	1	0.9	0.1
47657	0	0.7	0.4
204326	0	0.7	0.7
188496	1	0.1	0.8
352083	0	0.1	0.8
184233	0	0.7	0.5
73929	0	0.9	0.6
332770	0	0.5	0.7
185138	0	0.7	0.8
41825	0	0	0
181191	0	0.2	1
318937	1	0.3	0.9
147104	1	0.1	1
95969	1	0.8	0.1
165744	1	0.8	0.9
128435	1	0.7	1
308454	0	0.1	0.4
68590	0	0.5	0.5
168621	0	0.3	0.2
145460	1	0.6	0.2
118624	0	0.9	0.7
78809	1	0.1	0.8
339180	0	0.3	1
187516	0	0.9	1
79171	1	0.9	0.4
218901	0	0.7	0.4
290409	0	0.7	0.1
19125	0	0.3	0.5
146804	0	0.8	1
37718	0	0.2	0.2
391282	1	0.8	0.1
411968	1	0.3	0.5
323796	0	0.7	0.5
247655	1	0.9	0.5
113060	1	0.2	0.1
228484	1	0.3	0.8
416077	0	1	0
104146	1	0.3	0.6
131507	1	0.7	0.9
58351	1	1	0.9
84068	1	0.6	0.1
65483	1	0.2	0.8
155480	0	0.8	0.4
147764	1	0.6	0.1
392921	1	0.8	0.1
114401	0	0	0.1
150228	0	0.1	0.2
44988	0	0	0.5
108511	1	0.4	0.7
107834	0	0.9	0.7
363028	0	0.6	0.5
96977	1	0.5	0.5
386492	0	1	0
350015	0	0.6	0.2
287534	0	0.3	0.1
72921	0	0.8	0.6
209015	0	0.4	0.5
138517	0	0.6	0.1
205139	1	0.1	0
299320	0	0.2	1
335451	0	1	0.7
36740	1	0.3	0.3
228709	0	0.1	0.3
333478	1	0.1	0.6
227575	1	0.2	0.2
31295	0	0.1	0.1
411665	0	0.6	0.5
376338	1	1	0.1
351968	0	0.9	0.2
235165	0	0.8	0.3
347879	1	0.9	0.3
16604	1	0	0.5
149085	1	1	0.3
242161	1	0.4	0.1
332492	0	0.2	0.6
347391	1	0.9	1
345751	1	0	0.2
258617	0	0.3	0.3
46452	0	1	0.3
132993	0	0.6	0.4
157549	1	1	0
128610	1	0.8	0.7
59732	1	0.5	0.3
123553	1	0.2	0.4
342933	0	0.9	0.8
26573	0	0.9	0.2
160057	1	0	0.6
175683	1	0.1	0.6
106677	0	0.5	0.1
52149	0	0.8	0.1
287763	0	0.6	0.8
326229	1	0.1	0
228371	0	0.2	1
175630	0	1	0.1
412712	0	0.9	0.6
77547	1	0.5	0.4
42459	1	0.4	0.3
174480	0	0	0
263930	0	0.1	0.6
318820	1	0.4	0.8
198550	1	0.3	0.5
357492	1	0.2	0.8
85945	1	0.5	0.6
68691	1	0.8	1
70260	1	0.1	0.4
265445	1	1	0.2
90654	0	0.3	0.9
371666	0	0.1	0
316163	1	0.2	0.8
55448	1	0.9	0.1
233293	1	0.5	0.5
94590	1	0.3	0.4
236559	1	0.6	0.2
132339	1	0.7	0.2
161995	1	1	0
229849	1	0.1	0.3
34887	0	0.4	0.6
291717	0	0.2	1
262918	1	0.7	0.9
164734	1	1	1
404678	0	0.2	0.8
178418	1	0.3	0.3
70493	1	0.4	0.1
220146	1	0.7	0.6
119472	1	0.4	0.7
166103	0	0	1
362652	0	0.9	0.8
212751	1	0.3	0.5
194231	1	0.2	0.5
105890	1	0.1	0.8
216553	1	0.2	1
162500	1	0	0.3
363849	0	0.5	0.1
39134	0	1	0.3
161389	0	1	1
215912	0	0	0.2
91241	0	0.3	0.1
159535	1	0.1	0.3
164816	0	0.8	0.2
47981	0	0.5	0.4
345566	0	0.4	0.2
71467	0	0.7	0.7
207346	1	1	0.6
263981	1	0.1	0.4
135108	0	0.3	0.1
240859	1	0.3	1
206457	1	0.3	0.6
240984	0	0.5	0.1
76430	0	0.3	0.9
112070	0	0.7	0.6
359001	1	0.4	0
354620	1	0	0.6
121108	0	0.9	0.8
229917	0	0.3	0.6
59312	0	0.3	0.6
330925	0	0.6	0.5
381310	1	1	0.8
293538	1	0.3	0
301314	1	0.2	0.7
136489	0	0.8	1
366391	1	0.1	0.3
271767	1	0.4	1
114538	0	0.3	1
40013	0	0.5	0.6
192487	1	0.9	0.9
107588	1	0.2	0.7
132093	0	0.1	0.6
197363	0	0.5	0
324107	0	0.8	0.7
200598	1	0.3	1
166763	1	0.7	0.9
391559	0	0.8	0.5
134055	0	0.5	0.1
6554	1	0.7	0.8
353866	0	0.1	0.4
129509	0	0.9	0.4
188427	1	0.9	0.1
264695	1	0.4	0.9
61803	0	0.4	0.4
389237	1	0.5	0.9
287912	1	0.9	0.6
108723	1	0	0.6
378640	0	0.9	1
4669	0	0.5	0
84382	1	0.5	0.8
136281	1	0	0.9
22664	0	0.4	0.4
142658	1	1	0.6
116944	0	0.8	0.4
355352	1	0.7	0.6
110987	1	1	0.3
392330	1	0.3	0.1
296327	0	0.9	0.7
145545	1	0.8	0.3
10122	1	0.1	0.8
139001	0	0.3	0.1
195681	1	0	0.8
208457	0	0.6	0.1
263491	0	0.8	0.3
238067	0	0	0.8
101975	0	0.3	0.9
374945	0	0.3	0.5
32981	1	0.5	0.2
313465	1	0	1
224448	1	0.6	0.2
184256	1	0	0
22846	0	0.7	0.5
50773	1	0.9	0.3
142705	0	0	0.7
415863	1	0.8	0.2
375277	0	0.8	0.8
410561	1	0.1	0.9
40563	1	0.3	0.5
78589	0	0.7	0.3
14266	0	0.4	0.5
164664	0	0	0.1
163278	0	0.9	1
406637	1	0.1	0.7
310906	0	0.8	0.6
263559	1	0.4	0
373470	1	0.2	0
414244	0	0.4	1
293908	0	0.8	0.1
353675	1	0.2	0
213221	1	0.4	0.1
363027	1	0.2	0.4
414700	0	0	0.3
67242	0	0.1	0
238646	1	0.2	0
245697	0	0.8	1
325362	1	1	0.3
330904	0	0.7	0.5
412772	1	0.7	0.4
390338	1	0.2	0.3
162139	0	0.4	0.9
191725	1	0.3	0.6
302453	0	0.5	0.6
377595	0	0	0.5
60351	0	0.2	0.4
91753	1	0.6	0
382925	0	0.7	0.8
268607	1	0.3	0.4
372504	0	0.8	0.7
237160	1	0.5	0.8
135638	0	0.9	0
47312	1	0.7	0
47410	0	0.2	0.3
221190	1	0.8	0.3
234141	1	0.9	0.7
25096	0	0.2	1
69248	0	0.2	0.8
6422	0	0.5	0.4
189367	1	0	0.5
276139	1	0.7	0.5
162920	0	0.9	1
220112	1	0.4	0.8
29884	0	0.9	0.2
133898	0	0.9	1
14820	1	0	0.1
376545	0	0.4	0
69495	0	0.8	0.5
66004	1	0.2	0.8
71541	1	0.8	0.3
141319	1	0.7	0.5
312522	0	0.8	0.9
333726	0	0.2	0.6
35260	0	0.7	0
60405	1	0.2	0.4
397997	0	0.5	0
222213	1	0.2	0.4
70187	0	0.4	0.4
169140	0	0.9	0.2
34569	1	0.4	0.8
279116	0	0.5	0
335609	0	0.5	0.6
345060	0	0.9	0.9
42789	1	0.1	0.2
234315	0	0.2	0.5
78808	0	0.4	0.1
85798	0	0.2	0.3
253243	0	0.1	1
228796	0	1	0.5
237151	0	0.9	0.8
24811	0	0.2	0.3
148252	1	0.4	0
42692	1	0.7	1
71057	1	0.3	0.2
406615	1	0.4	0.8
121636	0	0.4	0.9
167255	0	0.4	0
141460	1	0.6	0.9
39991	0	0.1	1
47779	0	0.2	1
242743	1	0	0.6
142742	1	0	0.4
354593	0	0.7	0.3
98225	0	0.4	0
53268	1	0.6	0.7
182706	0	1	0.3
294321	0	0.1	0.8
411264	0	0.1	0.4
106109	0	0.1	0.5
106313	1	0.2	1
161065	1	0.7	0.1
326533	0	0.4	0.9
158796	0	0.1	0.8
190354	1	0.5	0.5
172516	0	0.6	1
212215	1	0.2	0
9349	0	0.3	0.6
47260	0	0.9	0
418098	0	0.9	0.5
134723	1	0	0.7
45629	0	0.8	0
53451	0	1	0.2
69460	0	0.7	0.9
29403	0	0.9	0.7
368799	0	0.2	0.2
113292	0	0.8	0.9
133666	1	1	0.7
387439	0	0	0.1
308204	0	0	0.5
414465	1	0.2	0.2
135706	0	0	0
220401	1	0.9	0.2
239635	1	0.1	0.3
122811	0	0.2	0
188936	0	1	0.4
238256	1	0.7	0.8
189890	1	0.3	0
361756	0	0.9	0.4
291971	1	0.7	0.7
376722	1	0.3	0.7
51092	1	1	0.9
37275	1	0.5	0.8
371316	0	0.3	0.2
378419	0	1	1
352327	0	0.4	0.8
394510	0	0.3	0.2
373982	1	0.3	0.8
298277	0	1	1
270659	0	0.3	0.9
70656	0	0	0
187265	0	0.8	0.1
337129	1	0.9	1
186414	1	1	0.8
231407	1	0.4	0.4
122413	1	0.8	0.1
142896	0	0.4	0
181069	0	0.2	0.9
246326	0	0.8	0.7
386324	1	0.3	0.7
231463	1	0.1	0.4
286558	0	0.8	0.5
162832	1	0	0.2
149330	1	0.1	0.1
125542	0	0.4	0.6
99249	0	0	0.2
414487	0	0.7	0.7
176937	0	0.9	0.5
117163	0	0.5	0.1
101401	0	0	0.2
140712	0	0.2	0.3
122801	1	0.3	0.5
210435	1	1	0.8
388126	0	0.8	1
22930	1	0.4	0.7
154093	1	0.4	0.2
272888	0	0.7	0.3
13007	1	0.1	0.2
258850	0	0.9	0.1
311442	1	0.4	0.8
86514	0	0.6	0.5
110057	0	0.9	0.8
215669	0	0.6	0.5
319426	0	0.5	0.8
238760	0	0.7	0.3
181462	0	0.6	0.9
129512	1	0	0.6
22778	0	0.6	0.7
308688	1	0.9	0.6
366989	1	0.2	0
406427	1	0	0.3
99179	0	0.5	0.4
367284	1	0.1	0
148552	0	0.1	0.3
75862	0	0.2	0.5
4386	0	0.5	0.5
298883	0	0.5	0.2
183874	0	0	0.9
96319	0	1	0.7
192106	0	0.2	0.4
54923	0	0.2	0.4
184853	0	0.8	0.9
21670	0	0.5	0.1
5651	1	0.9	0.6
417426	0	0.5	1
250588	0	0.8	0.6
167020	0	0.5	0.7
341981	0	0.7	0.2
48211	0	0.7	0.9
56731	0	0.1	0.1
256059	0	1	0.6
347468	1	0.4	1
352322	0	0.4	0.2
72309	1	1	1
380042	1	0.1	0.1
78382	0	0.4	0.8
361311	1	0.5	1
153653	0	0.8	0.1
321271	1	0	1
153688	0	0.3	0
379692	1	0.1	0.7
115377	1	0.8	0.2
229791	1	0.8	0.3
256703	0	0.5	0.5
373405	0	0.6	1
59959	1	0.8	0.6
189536	1	0	1
203023	0	0.5	1
364402	1	1	0.5
305274	0	1	0.3
143206	0	0.9	0
330842	0	0	0
99535	1	0.2	0.6
213822	1	0.5	0.6
13561	1	0.7	0.6
337456	1	0	0.6
262496	1	0.7	0.4
246970	1	0.2	0.5
300019	0	0.2	0.1
202913	1	0.5	0.5
229549	1	0.7	0.3
31166	0	0.5	0.4
208472	0	0.5	0.5
64803	1	0.3	0.7
193515	1	0.4	0.2
149775	0	0.1	0.2
272433	0	0.2	0.3
262386	1	0.1	0.7
386668	0	0.9	0.4
206059	0	0	0.1
52402	1	0.7	0.9
270578	1	0.6	0.1
375854	1	0.1	0.3
41431	1	0	0.8
327711	1	0	0.1
1860	0	0	0.4
282317	0	0.7	1
131281	0	0.9	0.1
65875	1	0.9	0.9
330090	0	0.5	1
52538	0	0	0.4
68785	0	0.7	0.9
289208	0	0.6	0
404934	1	0.2	0.7
133112	0	0.3	1
34967	1	0.8	0.3
24800	0	0.8	0.7
213548	1	0.6	0.3
145165	1	0.8	0.9
269973	1	0.5	0.5
163373	1	0.1	0.6
260362	0	0.3	0.7
128687	1	0.8	0.3
229351	0	0.2	0.8
331349	1	0.2	0.5
205612	0	0.8	0.2
132605	1	0.6	0
207423	0	0.5	1
207506	0	0.8	0
93397	1	0.3	0.7
307541	1	0.1	0.5
126717	1	0.4	0.8
241202	1	0.4	0.1
7713	0	0.1	0.2
101519	1	1	0.7
122060	1	0.9	0.5
107342	1	0.8	1
177793	0	0.8	0.2
243665	1	0	0.6
70228	1	0.6	1
268626	0	0.8	0.9
77268	0	0.5	0.1
235771	0	0.1	0.4
251274	1	0	0.2
296751	0	0.6	0.8
279057	0	0.7	1
232196	1	0.5	0.1
327335	1	0.5	0.5
206628	1	0.9	0.3
355130	1	0.2	0.6
277465	1	0.4	0.1
129918	1	0	0.4
128587	0	0.5	0.4
142750	1	0.6	0
194825	1	0.6	0.9
219671	1	0.1	1
291213	1	0.9	0.3
289267	0	0.3	0.7
150344	1	0.3	0.9
359618	1	1	1
283770	1	0.1	1
210065	0	0.8	0.6
223743	1	0	0.7
20327	1	0.6	0
35848	0	0.3	0.9
148131	1	0.3	0.1
266106	1	0.4	0.5
268022	0	0.4	0.1
371704	0	0.3	1
206964	1	0.2	0.7
152910	0	1	1
85969	0	0.8	0.6
307962	0	0.2	0.4
207918	1	1	1
20850	1	0.2	0.4
104227	1	0	0.6
274864	0	0.9	0.5
194966	1	0.5	0.3
201281	0	0.5	0.9
42148	1	0	0.7
13824	0	0	0.6
378351	1	0	0.2
183080	0	0.4	0.5
33392	0	0	0.2
307381	0	0.3	0.1
241393	0	0.4	0.1
148084	0	0.7	0
49867	1	0.3	0.3
208008	0	1	0.4
250116	1	0.5	0.8
348926	1	0.2	0.9
123833	0	0.2	0.3
241498	0	0.6	0.6
381819	1	0.6	0.7
249984	0	0.8	1
9696	0	0.9	0.3
150510	0	0	0.9
194240	0	0.1	0.2
110934	0	0.3	0.8
97968	0	0.7	0.2
130925	1	0.6	0.4
391970	1	0.8	0.8
258143	0	0.9	1
221523	0	0	0.7
366642	1	0.2	0.8
282174	1	0.8	0.7
222676	0	0.1	0.7
38321	1	0	0.3
87640	0	0.7	0.5
366304	0	0	0.7
387906	1	0	0.4
148751	0	0	0.8
152779	1	0.8	0.5
258264	1	0.3	0.3
148265	0	0.8	0.7
113815	0	0.1	0.5
247470	0	0.9	0.2
91811	1	0.5	0.8
160488	1	0.4	0.5
291792	0	0.9	0.1
264733	1	0.8	0.5
294532	0	0.3	0.3
257811	1	0	0.8
190860	1	0.5	0.9
99832	1	0.6	0.6
89381	1	0.4	0
39155	1	0	0.5
298200	1	0.3	0.1
324966	0	0.5	0
407534	1	0.4	0.3
208045	1	0.5	0.3
80238	0	0.7	0.7
7970	1	0.3	0.4
195643	1	0.7	0.6
40527	0	0	0.9
147048	1	0.9	0.6
60392	1	0.4	0.4
365398	1	0.1	0.1
19909	0	0.2	0.5
328330	1	0.1	0.8
22744	0	0.3	0.7
365595	1	0.4	0.8
120094	0	0.4	0.2
298154	1	0.7	0
41458	0	0	0.4
111246	0	0.3	0.3
325724	0	0.2	0.5
62345	1	0	0.7
360710	1	0.7	0.7
77232	1	0.5	0.3
259009	1	0.5	0.3
124224	0	0.2	0.5
105768	1	0.7	1
261379	1	0.9	0.9
15124	1	0.5	0
307487	1	0	1
42644	1	0.1	1
191992	0	0.5	0.9
205830	1	0.5	0.7
266523	0	0.6	0.6
31358	0	0.1	0
6927	1	0.8	0.1
280470	1	0	0.4
11945	1	0.2	0.3
18168	0	0.3	0.4
229526	1	0.6	0.3
90774	0	0.9	0.2
303796	0	0.3	0.9
73039	1	0.6	0.2
146844	0	0	0
339293	1	0.9	0.9
135207	0	0.6	0.5
262689	1	0.5	0.9
182241	0	0.9	0.4
162513	1	0.6	0
144265	0	0.7	0.2
411666	1	0.9	0.6
263928	0	1	0.7
333208	0	0.5	0.9
349494	0	0.8	0.5
7333	1	0.7	0
404535	0	0.5	0.5
148196	1	0.3	0.5
145774	0	0	0
54465	0	0.2	0.8
35333	1	0.8	0.8
298681	0	0	1
37778	1	0	0.2
134050	0	0.6	1
75779	1	0.9	0.8
291722	0	0	0.6
334837	1	0.1	0.5
197270	0	0.1	0.1
32243	1	0.5	1
153324	1	0.5	0.2
274217	1	0.2	0.7
319619	1	0.9	0.3
85051	0	0.2	0.8
166861	1	0.2	0.9
235591	1	0.9	1
336460	0	0.4	0.6
51181	0	0.2	0.3
305636	0	0.3	0.4
195772	1	0.4	0.4
165951	0	0	0.8
15927	0	0	0
128391	1	0.9	0.3
345597	1	0.9	1
409591	1	0.1	0.3
285063	0	0	0.5
272878	0	0.3	0.4
92252	1	1	0
75642	0	0.2	0.7
128245	0	0.9	0.2
383884	1	0.8	0.5
51572	1	0.9	0.5
149436	0	0.7	1
216960	1	0.4	0.6
105727	0	0.8	0.2
138877	0	0.5	0.5
4805	1	0.1	0.9
325392	0	0.4	0.3
299322	1	0.7	0
346468	0	0.5	0.1
29909	1	0.7	0.2
229261	1	0.3	0.4
152829	0	0.7	1
294388	0	0.1	0.4
204603	1	0.9	0.5
349524	1	0	0.9
172339	0	0.8	0.4
81262	1	1	0.7
107020	0	0.3	0
293059	0	0	0.5
127498	1	0.6	0.7
363708	0	0.9	0.8
235810	0	0.5	0.4
244692	0	0.1	0.2
211086	0	0.4	0.9
341437	1	0.5	0.3
185352	1	1	0.9
150497	1	0.4	0.5
141742	1	0.3	0.6
115018	0	0.7	0.7
233092	1	0.1	0.9
106709	1	0.3	0.4
270259	0	0.6	1
157464	1	0.8	0.9
87600	0	0.6	0.9
275116	1	0	1
302073	1	0	0
330855	0	0.4	0.6
253948	0	0	0.2
232147	1	0.6	0.3
46161	0	0.7	0.7
275172	1	0	0.8
256451	1	0.4	0.4
42991	0	0.1	0.1
312551	0	0.9	0.2
219761	1	0.9	1
213869	0	0.2	0.2
83131	1	0.5	0.8
85096	1	0.1	0.8
48010	0	0.3	0.8
183185	0	0.7	0.4
354069	0	0	0.4
159371	0	0.2	0.7
56638	0	0.3	0
281565	1	0.2	1
251529	0	0.1	0.2
155893	0	0.1	0.4
376514	0	0.1	0.5
257051	0	0.6	0.1
99976	1	0.7	0.7
184397	0	0.5	0.4
4255	1	0.6	0.8
236507	1	0.5	0.2
192758	1	0	0.5
94881	0	0.7	0.8
295322	1	0.9	0.4
318431	0	1	0.8
122206	0	0.8	0.4
272855	1	0	0.3
169642	1	0.5	0.2
328549	1	0.1	0.3
134243	0	0.6	0.1
404597	1	0.4	0.7
207013	1	0.9	0.9
263435	1	0.6	0.4
375342	0	0	0.7
106197	0	0	0.6
323746	1	0.5	0.6
311623	0	0.9	0.5
305285	0	0.1	0.3
261320	0	0.8	0.1
252093	1	0.7	0.6
39828	1	0.7	0.6
82746	0	0.9	0.4
303047	1	0.3	0.9
148014	0	0.5	0.1
124202	0	0.1	0.2
245777	1	1	0.1
73045	0	0.9	0.7
388716	1	0.9	0.7
120475	1	1	0.5
97061	1	0.7	0.1
175210	1	0	0.3
51761	1	0.4	0.9
230341	0	1	0.8
279023	0	0	1
239181	0	1	1
112795	0	0.4	0.1
160214	0	0.2	0.9
254595	1	0.6	0.4
52123	0	0	0.7
116306	1	0.1	0.2
255184	1	0.2	0.3
215582	1	0.8	0.9
409508	0	0.1	0.1
147615	0	1	0.8
384983	0	0.6	0.4
297619	0	0.3	0.7
32483	1	0.1	0.4
111922	0	0.5	0.7
253440	0	1	0
81986	1	0.8	0.8
175661	0	0.8	0
39306	0	1	0.9
186024	0	0.6	0.6
345394	0	0.8	0.2
174181	1	0	0.6
194159	0	0.4	0.8
114814	0	0	0
363635	0	0.3	0.4
81011	0	0.8	0.7
205781	0	0.1	0.3
32903	0	0.1	0
237696	1	0.9	0.9
242720	0	0.4	0.7
404537	0	1	0.9
154397	1	0.8	0.9
79038	1	0.7	1
107915	0	0.6	0.3
203747	0	0.4	0.2
289594	1	0.9	0.3
119450	1	0.3	0.9
320724	0	0.3	0
16305	1	0.2	0.4
262718	0	0.6	0.1
134188	1	0.5	0.4
41960	0	0.1	1
118723	0	0.4	0.4
88911	1	0.9	0.1
372819	1	0.3	0.9
91114	1	0.5	0.1
90775	0	0.6	0.6
220935	0	0.3	0.5
255633	0	0.2	0.3
10537	1	0	0.7
112857	0	0.8	0.7
236965	1	0.8	0.9
333772	1	0.1	0.8
105715	1	1	0.9
73278	0	0.3	0.4
211579	1	0.1	0.4
183891	1	0.5	0.5
7751	0	0.7	0.5
237866	0	0.9	0.9
136510	1	0.8	0.7
211256	1	0.9	0.1
290376	0	0.3	0.8
373542	1	0.7	0.6
50221	1	0.4	0.4
230060	0	0.4	0.5
97242	0	0.7	0.1
67565	1	0	0.7
207768	0	0.2	0.4
262937	0	0	0.9
351221	1	0.1	0.3
209679	0	0.4	0.2
43291	1	1	0.2
370435	1	0	0.1
136019	0	0.7	0.6
87746	0	0.2	0.9
17771	0	0	0.3
317998	1	0.6	0.4
79041	1	0.3	0.3
38618	1	0.4	0.2
363757	0	0.9	0.1
273103	0	0.7	0.9
96238	0	0.3	0.3
183232	1	0.6	0.3
112752	1	0.3	0.8
367189	1	0.6	0.8
40494	1	0.5	0.1
190705	0	0.7	0.8
103898	1	0.5	0.1
163523	0	0.2	0.9
331027	0	0	0.4
192252	0	0.7	0.3
234408	0	0.9	0.3
383919	1	0.6	0.1
219857	1	0.1	0.2
371971	1	0.7	0.6
331032	1	1	0.3
188891	1	0.5	0.3
313065	0	0.7	0.8
402728	1	0.7	0.2
237127	1	0.1	0.2
169468	0	0.9	0.9
4094	1	0.5	0.2
337087	1	0.7	0.3
184880	1	0.5	0.2
374037	0	0.6	0.3
302892	1	0.5	1
408785	0	0	0.4
95118	0	0.5	1
235332	1	0.6	0
205404	1	0	0.5
267843	1	0.8	0.3
138303	1	0.7	0
85106	1	0.6	0.2
164976	1	0.1	0.2
297571	0	0.7	0.6
171911	1	1	0
63450	0	0	0.5
92604	1	0.8	0.8
290081	0	0.5	0.7
90879	0	0.7	0.3
97989	1	0.1	0.8
60019	1	0.3	0.2
149514	0	0.2	1
130886	0	0.5	0.5
5292	0	0.2	0.2
300768	1	0.7	0.9
44907	1	0.7	0.6
145753	1	0.2	1
45072	1	0.9	0.6
37362	0	0.6	0.8
39099	1	0.9	1
330652	0	0.3	0.1
174717	1	0.5	0.9
187933	1	0.9	0.2
9369	1	0	0.5
117425	0	0.8	0.5
51630	1	0.2	0.2
148220	1	0.5	0.7
114324	0	0.6	1
220972	1	0.5	0.6
298085	1	0.9	0.8
347617	1	0.9	0.8
73511	1	0.2	0.9
222236	1	0.5	0.1
185740	1	0.2	0.8
2562	1	0.8	0.1
344915	1	0.1	0.3
214048	0	0	0.2
337142	0	0.8	0.3
243947	1	0.2	0.7
233889	0	0.2	0
61256	1	0.8	0.8
143369	0	0	0.4
108957	0	0.1	0.4
309929	0	0.6	0.7
146879	0	0	0.9
233393	0	0.5	0.8
364729	0	0.5	0.5
404165	1	1	0.6
376582	1	1	1
259386	0	0.7	0.8
136649	1	0.4	1
167029	1	0.2	0
32747	1	0.1	0.5
200780	0	0.6	0.8
228217	1	0.9	0.1
88936	0	0.9	0.8
384069	0	0.8	0.1
206445	0	0.4	0.3
120577	1	1	0.8
57939	1	0.4	0.6
14452	1	0	0.6
151119	1	0.8	0.4
34227	0	0	0.3
251345	1	1	0.9
14245	0	0.9	0
261048	0	0.6	0.1
296434	1	0.1	0.9
130931	1	0	1
256852	0	1	0.1
15900	1	0.2	0.2
4816	0	0.1	0.7
115205	0	0.2	0
81337	1	0.3	0.9
360818	1	0.3	0.2
234011	0	0	0.2
188689	1	0.7	0.9
368595	1	0.5	0.7
80749	1	0.8	0.2
12396	0	0.5	0.8
205887	1	0.9	0.9
182420	1	1	0.4
261657	0	0.1	0.1
90235	0	0.5	0
191625	1	0.3	0.1
13637	0	1	0.9
65371	0	0.4	0.1
170809	1	0.3	0.4
87595	0	0.1	0.5
40869	0	0.2	0.6
303005	0	0.9	0.1
83019	1	0.1	0.8
410139	1	0.9	0.5
412304	1	0.7	0.4
56343	0	1	1
80243	1	0.8	0.1
101051	1	0.9	0.6
318666	0	0.2	0.7
167522	0	0.1	0.3
129878	0	0.2	0.2
120497	0	0.7	1
405467	1	0.2	0
89481	0	0.8	0.5
191467	1	0.7	0.4
192056	1	0	0.9
102757	1	0.1	0.2
134360	1	0.4	0
322337	1	0.6	0.7
151511	0	0	0.8
281635	0	0.3	0.6
125988	0	0.9	1
168892	1	0.5	0.1
250158	1	0.6	0
189970	1	0	0.1
244648	0	0.7	0.8
11653	1	1	0.8
247047	1	0.1	0.5
99414	0	0.4	0.9
294187	1	0.9	0.5
241317	0	0.7	0.2
212232	0	0.6	0.1
142304	1	0.1	0.2
16632	0	0.8	0.8
208850	0	0.5	0
193722	1	0.5	0.5
149607	0	0.5	0.1
369189	1	0.1	0.9
59632	0	0.7	0.1
219494	0	0.2	0.3
34740	0	0.4	0.7
325554	1	0.6	0.5
61652	1	0.6	0.5
123497	1	0.3	0.6
324681	1	0.8	0.7
335044	1	0.4	0.2
121944	0	0.5	0.9
39681	0	0.8	0.7
289981	0	0.6	0.3
89937	1	0.5	0.7
151869	1	0.6	0
216023	0	0.4	0.8
245513	0	0.7	0.3
265644	1	0.2	0.8
166460	1	0	0.1
277185	1	0.4	0.7
152692	1	0.9	0
190972	0	0.4	0.4
259848	0	0.8	0.3
129769	1	0	0.8
308074	0	0.6	0.4
296146	0	0	0.2
418570	0	0.7	0.4
322849	1	0.5	0.5
333652	0	0.4	0
224967	0	0.4	0.8
215594	0	0.5	0.2
235303	0	0	0.7
241721	1	1	1
32236	1	0.4	0.7
260855	0	0.7	0.5
323883	1	0.4	0.8
325820	1	0.5	0.8
104517	1	0.2	0.3
107886	0	0.3	0.1
215548	0	0.1	1
176169	1	0.6	0.4
339143	0	1	1
127746	0	0.8	1
335564	1	0.7	0.5
220814	1	0.4	0.6
54877	0	0.4	0.7
173487	1	0.1	0
319945	1	0.5	0.9
181107	0	0.7	0.3
184873	1	0.6	0.9
184601	0	0	0.3
208571	1	0.9	0.2
327970	1	0.5	0
410413	1	0.8	0.4
151220	0	0.1	0
219405	1	0.6	0.2
397135	0	0.8	0
118999	1	0.2	0.2
32896	1	0.3	0.7
60850	1	0.1	0.7
192271	1	0.2	0.5
368851	1	0.4	0.4
256299	0	0.2	0.5
203106	0	0.2	0.3
292461	0	0.9	0.1
126563	1	0.5	0.3
10829	0	0.6	0.1
44841	0	0.8	0.9
339764	1	0.7	0.9
352937	1	1	0
135049	1	0	0.8
327678	0	1	0.9
85252	0	0.7	0.8
121279	1	0.1	0.2
268895	1	0.8	0.9
79195	0	0	0.6
208034	0	0.7	0.6
365568	0	0.9	0.5
206618	0	0.5	0.3
320464	0	0	0.9
73118	1	0	0.6
207909	1	0.1	0.5
7959	0	0.8	0.2
49070	1	0.9	0.5
147941	0	0.7	0.9
403652	0	0	1
280556	0	0.4	0.8
361977	1	0.3	0.7
285789	1	0.5	0.3
217036	0	0	1
543	0	0.5	0.3
166596	1	0.2	0.9
79136	1	0	0.3
347544	1	0.3	0.5
131645	1	0.7	0
114574	0	0.4	0.6
200479	1	0.2	0.5
207837	0	0.2	0.7
230604	0	0.9	0.2
3855	1	0.7	0.5
265422	0	0.8	0.1
412836	1	0.4	0.9
166152	1	0.3	0.5
254612	1	1	0
327916	1	0.6	0.5
130238	0	0.7	0
148878	0	1	0.5
232186	0	0.2	0.2
20267	0	0.9	0.3
79869	1	0.7	0.4
270477	1	0.9	0.9
203653	1	0.1	0.1
308249	0	0.8	0.3
278391	1	0.2	0.9
59158	0	0	0.2
123893	0	0.2	1
281659	0	0.2	0.1
365882	1	0.1	0.5
73600	1	1	1
139032	1	0	0.9
423136	0	0.9	0.2
173119	0	0	0.1
130676	1	0.5	0
36639	1	0.6	1
17312	1	0.2	0.7
232415	0	0.1	0.5
219555	1	0.3	1
36952	1	0.8	0.1
101779	0	0	0.9
118437	0	0.9	1
264881	0	0	0.8
402872	0	0.8	0
8790	0	0.6	1
286848	0	0.6	0.4
247397	1	0.2	0.8
75708	1	1	1
208485	1	1	0.7
194724	0	0.3	0.1
340732	0	0.4	0.2
219005	0	0.7	0.3
296752	1	0.3	0.5
103276	0	0.6	0.3
233074	1	0.1	0.1
52937	1	0.4	0.6
139544	0	0.1	0.7
50457	0	0.9	0
384184	1	0.7	0.9
114623	0	0.9	0.6
24106	1	0	0.5
74625	0	0	0.4
278139	1	0.7	0.4
157342	1	0.5	0.6
162233	0	0.6	0.7
276065	1	0	0.5
96246	0	0.5	0.3
31074	0	0.5	0.2
90660	1	0.5	0.2
368733	1	0.9	0.9
232145	1	1	0.7
12803	0	0.2	0.3
41189	0	0.7	0.8
178434	0	0	0.3
320079	0	0.2	0
162736	0	0.2	0.9
234418	1	0.6	0.8
237646	0	0.7	0
58058	1	0	0.9
348218	1	0.7	0.8
67573	0	0.1	0.5
57390	1	0.9	0.9
378731	1	0.2	0.5
275596	0	0.9	0.3
52817	0	1	0.7
63106	1	0	0.3
54588	0	1	0.5
38645	0	0.5	0.5
59199	0	0.9	1
121209	1	0.2	0.9
68064	1	0.6	0.1
116850	1	1	0.3
214201	0	0.7	0.5
361766	0	0.6	0.2
53131	0	0.1	0.4
273118	1	0	0.9
337613	0	1	0.8
411036	0	0.1	0.8
407749	0	0.6	0.7
4986	0	0.2	0.5
198251	1	0.1	0.5
43299	1	0.8	1
374852	0	0.1	0.2
263715	0	0.1	0.3
213165	0	1	1
217763	0	0	1
185646	0	0	0
387247	1	0.1	0.8
374425	1	0.8	0.4
78387	0	1	1
35883	0	0.6	0.7
15989	1	0	0.1
53036	0	0.9	0.9
159387	1	0.6	0.7
93443	1	0.4	0.2
323182	0	1	0
212066	1	0	0.3
234555	1	0.7	0.5
275445	1	0.8	0
104056	1	0.6	0.3
101660	1	0.7	0.2
134754	0	1	0.9
58984	0	0.4	0.2
178886	1	0.5	0.4
236733	0	0.2	0.6
22128	1	1	0.2
36133	1	0.4	0.6
331474	0	0.9	0.2
42964	1	0.2	0
205143	0	0.6	0.4
200866	1	0.8	0.6
224398	1	0.5	0.5
168277	0	0.7	1
102090	0	0.8	0.9
394650	0	0.7	0.1
102892	0	0.3	0.4
284602	1	0.2	0.8
414314	0	0.4	0.9
381954	0	0.9	0.8
66006	0	0.2	0.1
221729	1	0.9	0.5
36704	0	0.9	0.2
373747	1	0	0.2
52724	1	0.2	1
286843	0	1	0.8
34244	1	0.8	0.4
47549	1	0.1	0.1
336969	0	1	0.1
370820	1	0.5	0.1
322439	1	0.5	0.7
101262	1	0.8	0
167835	1	0.6	0.6
172487	0	0.8	1
241918	1	0.4	0.1
166098	1	0.5	0.9
238754	0	1	0.9
11519	0	0.5	0.9
343385	1	0	0.1
252408	0	0.4	0.5
82911	0	0.3	0.4
57359	1	0.9	0.8
114849	0	0.5	0.4
100526	0	0.4	0.2
51777	1	0.2	0
218467	0	0.7	0.8
195098	1	0.6	0.6
120156	0	0.3	0.7
35217	1	1	0.7
147899	0	0.9	0.4
222807	1	0.2	1
396468	1	0.3	0
3618	0	0.7	0.6
157032	1	1	0.7
199377	0	0.8	0
37634	0	0.3	0.3
183991	0	0.5	1
192591	1	1	0.7
177557	1	0.5	1
55196	0	0.6	1
370944	1	0.1	0.4
86524	0	0.5	0.7
75712	1	0.7	0.3
171255	0	0.3	0.6
185165	1	0	0.4
409564	0	0.1	0.4
30998	0	0.5	0.8
289960	1	1	0.9
168177	0	0	0
235856	1	0	0.8
288872	1	0.7	0.9
42202	0	0.8	0.3
324363	1	1	1
222759	1	0.3	0.1
134165	0	0.8	0.5
299947	0	0.1	0.6
112204	1	0.9	0
200731	0	0.5	0.7
222600	0	0.5	0.9
186682	1	0	1
59671	1	0.9	0.8
288074	0	0.3	0.6
71546	0	1	1
162183	1	0	1
371911	1	0.6	0.8
216593	1	0.4	0.3
356728	1	0.8	0.6
98495	0	0.1	0.6
22431	0	0.2	0
179732	1	0.4	0
117908	1	0.3	0.6
251856	1	1	0.4
296811	1	0.4	0.9
406904	0	0	0.9
265905	0	0.9	0.5
221263	1	1	0.6
368858	0	0.3	0.1
134802	0	0	0.7
52099	0	0.3	0.9
170969	1	1	0.3
92746	1	0.2	0.8
45684	0	0.5	0.3
98085	1	0.7	0
139112	0	0.3	0.9
342144	1	0	1
204206	0	0.2	1
370497	0	0.7	0.8
315388	0	0.8	0.2
273856	1	0	0.2
375807	1	1	0.9
281893	1	0.4	0.4
219692	1	0.8	0.2
384991	0	1	0.2
271985	0	0	0.6
334322	1	0.5	0.5
9812	1	0	0.7
149972	0	0.8	0
271496	0	0.9	0.6
260681	0	0.5	1
262282	0	0	0.5
375160	0	0.3	0
178786	0	0.3	1
142831	1	0.7	0.1
171719	1	0.9	0.8
96400	0	1	0.6
301406	1	0.7	0.5
351798	0	0.8	0.7
318400	0	0.2	0.5
373913	0	0.7	0.9
419700	0	0.2	0.1
90209	0	0.2	1
306270	1	0.7	0.6
104927	1	0.5	0.7
364352	1	0.3	0.5
220171	0	0.8	1
403844	0	0.9	0
63679	0	0.9	0.5
264165	1	0	0.6
140282	1	0.8	0.1
408932	1	0.2	0.4
410333	0	0.5	0.9
406620	0	0.9	0.5
219716	0	0.1	0.1
369846	1	0.4	0.9
63990	0	0.1	0.1
86707	0	0.2	0.5
122515	0	0.1	0.6
225538	1	0.5	0.1
382485	0	0.6	1
280583	0	0	0.3
45183	1	0.3	0
104372	1	0.1	0.8
359304	1	0.9	0.8
196999	1	0.7	0.7
163234	0	0.6	0.5
167782	0	1	0.8
61254	1	0.6	0.1
60711	0	0.3	0.9
65854	1	0	0.8
97092	0	0	0.5
193025	1	0.2	0.1
267121	0	0.2	0.6
360983	0	0.7	0.5
132420	1	0.1	0.8
333685	0	0.4	0.8
99838	1	0.6	0.3
187901	1	0.6	0.7
118756	0	0.7	0.3
334737	1	0.9	1
58426	1	0.2	0.9
122321	0	0.1	0.6
220200	1	0.7	0.2
407475	1	0.9	0.7
292833	0	0.2	0.3
268400	1	1	0.9
412063	1	0.6	0.6
72077	0	0.5	0.5
28261	0	1	0.3
122788	0	0.6	0.2
318932	1	0.1	0
80951	0	0.7	1
294773	1	0.6	0.3
278723	0	0.8	0.2
376115	1	1	0.4
343898	1	0.5	0.2
49929	1	0.6	0.5
134604	0	0.7	0.5
359682	0	0.1	1
422256	1	0.2	0.2
152653	0	0.9	0.4
166375	1	0.9	0
126152	0	0.5	0.2
161826	0	0.7	0.1
59151	0	0	1
339296	1	0.2	0.6
16161	0	0.4	0.5
78224	0	0.1	0.6
46095	1	0.5	0.1
206140	1	0.5	0.5
338284	1	0.3	0
275038	0	0.4	0.7
94326	1	0.8	0.2
267715	1	0.2	0
182822	1	0.3	0.9
236756	1	0.6	0.8
296737	0	0.7	0.9
219810	1	1	0.4
197972	0	0.4	0.8
150284	1	0.8	0.5
53029	1	0.7	0.3
138658	1	0.8	0.5
62602	1	0.8	0.6
91287	1	0.9	0.1
369174	0	0.1	1
61485	0	0.8	0.9
183510	1	0.9	0.2
123402	1	0.2	0.8
116327	0	0.1	0.7
27161	1	1	0.9
16003	1	0.5	1
39640	0	0.9	0.7
363617	1	0.3	0.3
59747	1	0.6	0.3
38970	1	1	0
319452	1	0	0.9
115712	0	0	0.4
190223	1	0	0.3
250797	1	0.8	0.7
192990	1	0.5	0.4
322593	0	0.4	1
130659	0	0.8	0.6
391839	0	0.2	0.3
300313	0	0.5	0
73815	1	1	0.6
231351	0	0.6	0.3
114809	1	0.3	0.8
208115	1	0.9	0.5
370306	0	0.9	0.6
18659	1	0.1	0.7
185615	0	0.5	0.9
293031	0	0.5	0.8
189560	1	0.6	1
183175	0	0.1	0.4
179021	1	0.5	0.3
144893	1	0	0.4
128375	1	0.6	0.4
277143	1	0.2	0.2
365588	1	0.8	0.4
354438	0	0.6	0.8
288284	1	0.7	0
376183	0	1	0.4
107819	0	0.3	0.7
134337	0	0.4	0.5
393586	0	0.9	0.8
77901	1	0.9	0.7
319488	0	1	0
397048	1	0.9	0
98912	1	0.4	0.4
137964	0	0.9	0.9
138410	0	1	0.5
95382	0	0.2	0.3
221828	1	0.7	0.6
342592	0	0.5	0.8
156464	1	0.9	0
388763	1	0.9	0.5
206720	1	0.2	0
368425	0	0.6	0.7
296748	0	1	0.3
64158	1	0.5	0.2
85580	0	0.7	0
104061	1	0.4	1
186204	1	0.3	0
120415	0	0	0.3
323089	0	0.4	0.2
388962	1	0.1	0.1
168589	0	0.8	0.8
231856	1	0.2	0.6
297476	1	0.9	0.8
66552	0	0.9	0.8
89173	0	0.4	0.3
277628	0	0.6	0.1
359942	1	0.5	0.7
63022	1	0.5	0.4
166732	1	0	1
291253	0	0.9	0.1
328459	1	0.4	0.5
240012	0	0.9	0.5
49181	1	0.3	0.8
2699	0	0.9	0.1
11516	1	1	0.1
32012	0	0	0.9
265221	0	0.7	0.5
340409	1	0.4	0.3
83037	0	0.6	0.4
318344	1	0.7	1
221048	1	0.8	0.3
163621	0	0.9	1
296747	0	0.9	0.9
194893	1	0.8	0.9
245654	0	0.7	0.2
334924	1	0.7	0.4
127734	1	1	0.9
171243	1	0.9	0.3
161813	1	0.7	0.4
289010	0	1	0.9
364380	1	0.2	0.6
2283	0	0.5	0.2
226488	0	0	0.3
392050	0	0	0.8
126056	1	0.4	0.8
408397	0	0.7	0.9
172433	0	0.5	0.7
30408	1	0	0.7
134171	1	0	0.8
179311	1	1	1
46279	0	0.3	0.2
40950	1	0.5	0.9
35181	0	0.6	0.2
324876	1	1	0.1
31810	1	0.2	0.1
166380	0	0.6	0.1
319124	1	0	0.7
139437	0	1	1
408444	0	0.9	1
236527	1	0.8	0.1
363459	0	0.7	0.3
215761	0	1	0.6
255465	0	0.9	0.2
175751	0	0.4	0.4
34439	1	0.7	0.6
104940	0	0.3	0.3
333968	1	0.3	0
17423	1	0.4	1
378795	1	0.5	1
388503	1	0.7	0.9
215095	0	0.2	0
190560	0	0.2	0.1
387681	1	0.1	0.1
122665	1	0.3	0.8
248622	0	0.2	0.5
304476	1	0.2	0.7
117250	1	0.5	0.9
261065	1	0.8	0.1
150001	0	0.8	0.4
236606	0	0.2	0.8
199486	0	0	0.6
67452	0	0.1	0.5
366018	0	0.5	0
129965	0	0.4	0.9
87004	0	1	0
385587	0	0.5	0.4
156139	1	0.7	0.1
89161	0	0.4	0.5
113217	0	0.6	0.1
248104	0	0.1	0.7
361664	0	0.6	0
227500	0	1	1
92992	1	0.2	0.7
409204	0	0.1	0.9
276066	0	0.3	1
385299	1	0.5	0.9
211174	1	0.7	0.8
105713	0	0.5	0.9
324855	0	0.5	0.8
830	0	0.1	0
192699	0	0.7	0.5
397706	1	0.4	0.4
6799	0	0.2	0.4
327719	0	0	0.4
23492	1	0.3	1
106402	0	0.8	0.4
368414	1	1	0.4
342147	0	0.4	1
307702	0	0.9	1
332829	1	1	1
62240	1	0	0.3
256807	1	0.9	0
379772	1	0.1	0.4
54302	1	0.2	0.5
375117	0	0.2	0.7
4746	1	1	0.8
387398	1	0.9	0
324560	0	0.4	0.3
335403	0	0.9	0.1
184065	0	0.8	0.8
47471	1	0	0.1
105401	1	0.6	0.8
63533	1	1	0.5
388585	1	0	1
176469	0	0.3	0.1
288157	1	0.1	0.6
219442	1	0.1	0.3
319282	1	0.1	0.3
162284	0	0.6	0.6
56936	1	0.8	0.5
245904	1	0.2	1
238493	0	0.7	0.7
335452	0	0.8	0.4
227229	0	0.7	0.4
407094	1	0.4	0.3
117971	0	0.8	0.4
112738	1	0.8	0.9
156715	0	0	0.3
34238	1	0.2	0.7
302098	1	0.9	0
277170	0	0.4	0.6
99924	0	0	0.4
56937	1	1	0.8
309012	1	0.6	1
63183	0	0.3	0.1
313427	1	0.5	1
346930	1	0.5	0.9
419919	1	0.1	0.5
72708	0	0.5	1
13296	1	0.2	0.3
52013	0	0.9	0.7
348465	1	0.5	1
22434	0	0	0.2
13006	0	0	0.5
221677	1	0.8	0.6
125188	0	0	0.1
93096	0	0.7	0.6
15432	0	0.3	1
135873	1	0.7	0
185558	1	0.9	0
256976	0	0.9	0.2
199127	1	0.3	0.7
330292	0	0.5	0
404835	0	0.3	0.7
170099	0	0.2	0.2
112001	0	1	0.3
266171	1	0	0
108391	1	0.1	0.4
404964	0	0.4	1
62452	0	0.5	0.1
257907	1	0.5	0.3
294095	1	0.4	0.1
414033	1	0.1	0.4
234505	1	0.9	0.3
165257	1	0.9	0.2
28267	0	0.5	0.5
99361	0	0.4	1
211761	0	0.1	0.6
9540	0	0.8	0.5
97590	1	0.8	0.1
192830	0	0.4	0.4
385536	1	0.5	0.9
137899	0	0.3	0.4
138510	0	0.3	0.6
140481	0	0.8	0.3
278441	1	0.5	0.8
343314	1	0.9	0.2
964	1	1	0.5
355574	1	0.8	0
199948	0	0.1	0.9
261828	1	0.5	0
148862	1	0.2	0.4
147501	0	0.4	0.7
3460	1	0.8	0.5
46754	0	0.6	1
19110	1	0.5	0.4
294828	1	0.8	0.4
318381	0	0.3	0.6
248894	1	0.3	0.8
232087	1	0.5	0.3
144030	1	0.2	0.2
211615	0	0.7	0.3
84147	1	0.3	0.3
74220	1	0.2	0.3
41150	0	0.9	0.5
365999	0	0.7	0.9
139477	0	0.8	0.5
349460	0	0.6	0.6
129354	1	0.5	0.7
169489	0	0.7	1
160470	0	0.3	0.3
339910	0	0.3	0.4
154037	1	0.7	0.6
50281	0	0.6	0.9
110178	1	0.1	0.7
60089	1	0	0.1
316905	0	0.8	0.3
285380	1	0.8	0.9
78311	1	0.8	0.6
330285	0	0.7	0.3
339153	0	1	0.7
365271	1	0.2	0.4
55363	1	0.3	0.5
260803	1	0.7	0.7
79465	1	0.6	0.9
88980	1	0	0.2
324240	1	0.3	0.7
22474	1	0.9	0.8
343494	1	0.3	0.6
418019	0	0.7	0.2
152383	0	0.5	1
283247	0	0.3	0.1
102415	1	0.8	0.9
364574	1	0.5	0.7
156504	1	0.1	0.5
60402	1	0.7	0.7
13673	1	0.2	0.4
3559	1	0.5	0.3
68672	1	0.7	0.7
132920	1	1	1
8482	1	0.1	0
220617	0	0.9	0.7
293066	1	0.8	0.9
357364	0	0.2	0.4
244100	1	0.9	0.2
325075	0	0	0.2
319214	0	0.7	0.7
5180	1	0.9	0.1
241560	1	0.3	1
133897	0	0.3	0.3
182911	1	0.1	0.8
111548	1	0	0.5
104131	1	0.2	0.8
288103	1	0.3	0.9
410732	0	0.9	1
211831	0	0	0.2
387936	0	0.3	0.9
64555	0	0.9	0.8
47843	0	1	0.3
340097	0	0.8	0
108933	1	0.2	0
84662	1	0.9	0.2
205219	0	0.3	0.4
85587	0	0.9	0.5
169163	1	0.9	1
51863	1	0.8	0.4
373733	0	0.3	1
298660	1	0.1	1
262882	0	0.4	0
298579	1	0	0.5
168673	1	0.3	0.3
283333	0	1	0.8
164880	1	0.2	1
310471	1	0.2	0.1
370133	1	0	0.1
261366	1	0.2	0.8
50996	0	0.7	0.9
413747	1	0.7	0.4
83006	0	0.8	0.5
314059	0	0.1	0.5
147147	0	0	0.7
245392	0	0.9	0.5
360003	1	1	0.7
301011	0	0	0
391556	0	0.8	0.7
355239	1	0.9	0.1
256717	0	0	0
2253	1	0.6	0.6
22779	0	0.6	0.3
369335	0	0.8	1
265837	1	0.8	0.8
111837	0	0.2	0
328209	0	0.5	0.7
306461	1	0.4	0.1
116675	0	0.7	0.3
98242	1	0.1	0.2
32503	0	0.3	0
103895	0	0.7	0
36481	1	0.3	0.6
338591	0	0.6	0
302345	1	0.3	0.8
68396	1	0.8	0.4
242518	0	0.6	0.7
375185	1	0.7	0
103835	1	0.8	0.8
181667	0	0.3	0.4
354220	0	0	1
368854	0	0.3	0.4
99219	0	0.9	0.6
351803	0	0	0
130100	0	1	0.6
42409	1	0.3	0.6
150437	0	0	0.7
115082	1	0.1	0.9
114139	1	0.8	0.1
165941	0	0.6	1
266279	0	0.1	0.4
206241	0	0.4	0.2
192791	0	0.2	0.4
226821	1	0.7	1
287959	0	0.7	0.6
65312	0	1	0
142097	1	0.6	0.9
154234	0	0.7	0.2
131240	0	0.6	0.8
99957	0	0.6	0
216229	0	0.9	0.8
136525	1	1	0.9
336825	0	0.6	0.3
180337	1	0.9	1
90078	0	0.4	0
280899	1	0.2	0
303110	0	0.3	0.8
149667	0	0.5	0.7
298259	1	0	0.9
123469	1	0	0.5
51852	1	0.5	0.4
372973	1	0.5	0.5
111766	1	0.9	0.7
349860	0	0.3	0.3
100660	0	1	0.7
260038	1	0.1	0
96558	0	0	0.2
172009	1	1	0.9
315223	0	0.7	0.3
120276	1	0.2	0.5
299654	1	0	0
178247	1	0.7	0.2
120730	0	0.5	0
176962	0	0.7	0.3
349994	0	0	0.1
26833	0	0.6	0.4
68584	0	0.4	0.7
311850	0	0.4	0
274191	0	0.3	0
123917	1	1	0.6
8565	0	0.4	0.8
47545	1	0.2	0.2
372318	0	0.3	0.9
110479	1	0.5	0.3
170073	0	0.4	0.9
289913	1	0	0.4
329469	0	1	0.1
267114	1	0	0.6
77567	0	0.4	0.9
100490	1	0.8	0.4
163790	0	0.7	0.1
270985	0	0.7	0.4
176681	1	1	0
362298	1	1	0
26983	0	0.3	0.2
172825	1	0.8	0.2
108210	1	0.4	0.1
360745	1	0.6	0
62296	1	0.8	0.8
112323	1	0.2	0.3
393572	0	0.8	0.4
77758	1	0	0.9
77934	1	0.4	0.5
124223	0	0.3	0
403341	1	0.6	0.8
45984	0	0.4	0.8
389828	0	0.3	1
8074	1	0.1	0.4
416316	0	1	0.8
24716	1	0.4	0.7
148871	0	0.7	0.8
314284	1	0	0.2
265573	1	0.9	0.7
60797	0	1	1
402822	0	0.7	0.6
411589	0	0.1	0.8
201733	1	0.5	0.7
281771	0	0	0.8
368914	1	0.3	0.1
45527	1	0.6	0.4
100744	1	0.9	0
128236	0	0.4	0.6
203146	0	1	0.2
268780	1	0	0.9
303541	0	0.3	0.5
276558	0	0.8	0.8
61147	1	0	0.6
200034	0	0.6	0.3
136418	0	0.5	0.1
65521	1	0.4	0.8
333279	0	0.6	0.6
307389	1	0.5	1
242862	0	0	0.2
368887	1	1	0.8
143505	0	0.6	0.6
23119	0	0.9	0.6
25267	1	0.3	0
381566	0	0.9	0.8
394596	1	0.9	0.7
332967	0	0.1	0.8
175048	0	0.9	0
98619	0	0.5	0.4
74495	1	0.6	0.3
19835	1	0.2	0.3
26493	1	0.4	0.9
146104	0	0.3	0.3
9267	0	0.7	0.5
72294	0	0.1	0.4
359964	0	0.2	0.8
287261	1	0.9	0.7
30603	0	0.3	0.1
267782	1	0.7	1
74542	0	0.9	1
77168	1	0.5	0.9
215588	1	0.8	0.1
326224	1	0.6	0.3
338265	0	0.4	0.8
38533	1	0.7	0.2
222150	0	0.3	0.9
234107	1	0	0.4
202490	0	0.8	0.1
272931	1	0.3	0.4
347612	1	0.8	0.9
125818	0	0.3	0.3
93628	0	0.6	0.7
56048	0	1	1
326473	0	0.4	0.5
406962	0	0.3	0.4
166851	0	0.9	0.2
241645	0	0.2	1
50268	0	0.1	0.6
35343	1	0	0.3
370679	0	0.2	0
264282	0	0.9	0.4
96586	1	0	0.8
213510	1	0.6	0.9
88075	1	0.7	0.3
175632	0	0.9	0.8
66623	0	0.5	0.9
235990	1	0.4	0.7
1057	0	0.9	0.4
126222	1	0	0.9
86971	0	0.8	0.4
410000	0	0.2	0.7
64749	1	0.2	0.1
371929	1	0.1	0
320127	1	1	0.7
175021	0	0.1	0.2
243166	1	0.6	0.8
167641	0	0.2	0.6
176298	1	0.9	0.9
120368	0	0.5	0.3
112352	0	1	0.4
263077	0	0.6	0.7
407743	1	0.5	0.5
263507	0	0.6	0.7
243183	1	0.5	0.6
37727	0	0.7	0.2
17789	1	0.3	0.6
256384	0	0	1
340469	1	0	1
19685	1	0.1	0.9
14969	0	0.5	0.9
237568	0	0.6	0.8
121513	0	0.7	0.6
348648	1	0.6	1
18799	0	0.7	0.4
239625	1	1	0
356459	1	0.1	0.9
134137	0	0.6	0.5
81797	1	0.9	0.2
331448	1	0.2	0.1
17346	0	0.6	0.5
115361	1	1	0.7
321467	1	0.8	0.7
92019	1	0.7	0.1
128862	1	0.4	0.2
24420	1	0.1	0
141570	0	0.9	0.1
211403	1	1	0.2
204979	0	0.5	0.9
13436	0	0.1	0.3
67625	1	0.5	0.2
11042	1	0.8	0
186786	0	0.4	0.8
375515	1	0.9	0.3
164503	0	0.9	1
349457	0	0.3	0.4
40253	1	0.8	0.8
230528	0	0.2	0.6
232399	1	0.6	0.9
217431	1	1	0.2
404685	1	0.9	0.9
87697	1	0.2	0
26932	1	1	0.9
186198	0	0	0.6
44860	1	1	0
365547	0	0.2	0.7
274824	1	0.2	0.3
56067	0	0.8	0.7
257188	0	1	0.2
38489	1	0.7	0.1
355622	1	0.4	0.8
172292	1	0.6	0.8
218208	1	0.6	0.9
90784	0	0.7	0.8
348387	0	0.5	0.2
59909	1	0.4	0.8
70496	0	0.4	0.6
288211	1	0.5	0
239407	0	0.7	0.9
344576	0	1	0.6
103691	1	0.3	0
310640	0	0.7	0.8
382902	0	0.9	0.4
359237	1	0.8	0.4
377706	0	0.5	0.3
95069	0	0.6	0.2
412723	1	0.8	0.8
169312	1	1	0.4
165781	0	1	1
190305	0	0.2	0.6
195386	1	0.3	0.8
309609	1	0.6	0.9
296131	1	0.6	0
334341	1	0.9	0.4
420897	1	1	1
196033	0	0	0.7
210695	0	0.7	0.2
331005	1	0.2	0.2
305688	0	0.5	0.6
266287	0	0.5	0.7
269616	1	0.4	0.5
169806	1	0.5	0.9
411688	0	0.1	0.5
28806	0	0.5	0.3
251304	0	0	0.2
111291	1	0.4	0.1
164155	1	0.2	0.8
332528	1	0.9	0.4
42739	1	0.6	0.7
326040	0	0.9	0.6
34656	0	1	0.9
238414	1	0.6	0.7
95359	0	0.9	0.2
362294	0	0.4	0.6
96864	0	0.3	0.1
71411	0	0.8	0.2
66732	1	0.8	0.6
350209	0	0	0.8
293261	0	0	1
115510	0	1	0.5
148239	0	0.5	1
194061	0	0.4	0.8
173479	0	0.7	0.3
114827	1	0.2	1
355839	1	0.9	0.6
250833	1	0.8	1
26979	0	0.6	0.8
68348	1	0.8	0.9
75796	0	0.4	0.2
342666	1	0.9	0
163849	0	0.1	0.9
20691	0	0.1	0.9
366858	0	1	0.3
292993	1	0.9	0
65680	0	0.4	0.3
256593	0	0.2	0.7
232114	0	0.4	0.5
24947	0	0.3	0.9
188476	1	0	0.8
92522	0	0.4	0.2
378359	1	1	0.1
408951	1	0.8	1
409110	1	0.4	0.1
243918	1	0.6	0.9
35552	0	0.2	0.5
61548	1	1	0.8
87959	0	0.1	0
326784	1	1	0.7
117104	1	1	0.1
118185	0	0.2	0.1
281966	0	0.5	0.6
273072	0	0.9	0.1
172443	1	0	0.5
68569	1	1	0.3
44757	1	0.3	0.6
139642	0	0.5	0.5
899	1	0	0.1
11719	0	0.4	0.6
54999	0	0.2	0.8
55582	0	0.7	0.9
25003	1	0.8	0.4
251294	0	0.7	0.1
223920	0	0.7	0.6
179460	1	0.1	0.9
164149	0	0.5	0.2
78489	1	0.8	0.4
238039	0	0.8	0.6
121667	0	0.3	0
27627	1	0.1	0.2
399879	0	0.6	0.4
62584	0	0	0.3
75919	1	0.6	0.7
79943	1	0.9	0.9
229485	1	0.5	0.3
388438	0	0.1	0
37736	0	0.8	0.7
167702	1	0.4	0.8
214901	0	0.1	0.2
337487	0	0.4	0.9
7942	1	0.7	0.4
290453	0	0.4	0.2
337548	0	0.7	1
384622	1	1	0.9
137355	1	1	0.9
40186	0	0.3	0.1
260009	0	0.5	1
325031	0	1	0.8
76416	1	0.5	0.2
66945	0	0.7	0.4
321729	0	1	0.2
359849	0	0.6	0.9
321033	1	0.3	0.3
326745	0	0.8	0.9
187301	1	0.2	0.6
27571	1	0.9	0.1
275680	1	0.3	0.2
302730	1	0.7	0.7
204448	0	0.8	0.3
419516	1	0	0.3
5181	1	0.1	0.9
294	1	1	0.3
19449	1	0.9	0.7
269986	1	0.3	0.7
151619	1	0.2	0.5
243158	0	0.9	0.7
165724	1	0.3	0.9
329094	0	0.8	0.6
414284	1	0.5	0
404989	0	0.3	0.9
112848	1	0.3	0.3
34584	1	0.8	0.1
275189	0	0.7	0.8
101652	1	0.6	0.2
250910	1	0.4	0.6
89745	0	0.6	0.1
23483	1	0.2	0
6771	1	0.3	1
164879	1	1	0.4
155263	1	0.3	0.3
219871	1	0.6	0.8
352866	1	0.7	0.9
107764	1	0.3	0.8
89000	0	0.9	0.3
34630	0	0.7	0.5
327894	1	0.8	0.1
350355	0	0.1	0.6
295361	0	0.1	0.5
50793	0	0.8	0.1
190611	0	0.8	0.7
65812	1	0.2	0.5
27482	0	0.8	0.8
147939	1	0.8	0.2
294702	0	0.4	0.4
390211	0	0.3	0.3
114861	0	0.2	0.5
120590	1	0.5	0.3
16525	1	0.3	0.2
48484	0	0.6	1
55134	0	0.7	0
26437	0	0.7	1
244535	0	0.8	0.6
351062	0	0.6	0.6
135562	0	0.4	0.3
51428	1	0.5	0.7
291839	1	0.5	0.5
125503	1	0	0.3
54795	1	0	0.9
246881	0	0.7	0.4
243526	0	0.8	0.5
332319	0	1	0.6
173794	0	0.7	0.1
366085	0	0.6	0.8
12583	1	1	1
329605	0	0.8	0.3
11409	1	0.6	0.5
355034	1	0.9	1
164145	0	0.1	0.6
328074	1	0.3	0.7
365094	1	0.7	0
172842	0	0	0.3
37434	0	0.7	1
314628	1	0.7	0.4
238315	1	0.7	0.3
139142	1	0.2	0.4
835	0	0.1	0.9
145719	1	0.2	0.1
39276	1	0.7	0.1
261678	1	0.4	0.1
320385	0	0.1	0.1
48531	1	0.2	0.1
27303	1	0.2	0.6
16775	0	0.7	0.6
240979	1	0.9	0.8
39905	1	1	0.6
318	0	0.7	1
265166	1	0.2	0.7
93777	1	1	0.1
210632	1	0.6	0.7
191740	1	0	0.4
197517	1	0.8	0.5
176352	1	0.6	0.7
76359	1	1	0.6
35473	0	0.3	0.3
282284	0	0.8	0.7
289814	0	0.5	0.1
232458	1	0	0.7
133866	0	1	0.7
108931	0	0.1	0.3
67247	1	0.3	0.6
182307	1	0	0.1
174673	1	0.2	0.1
109959	1	0.3	0.7
20271	0	0.3	0.5
164789	0	0.9	0.7
213069	0	0.9	1
340244	0	0.2	0.2
30859	0	0.1	0
176356	0	0.6	0.8
265938	0	0.7	0.3
70001	0	1	0
345714	1	0.8	0.1
262894	0	0.6	0.7
144170	0	0.3	0.7
226787	0	0.4	0.6
146255	1	0.4	0.8
115655	0	0	0
195675	1	0.7	0.9
230506	1	0.8	0.4
345296	1	0.9	0.7
88356	1	0.6	1
9769	0	0.5	0.3
93438	0	0.8	0
206158	1	0.3	0.8
149093	0	0.4	0.6
184067	0	0.3	0.2
342286	0	0.6	0.6
259353	1	0	0
291830	0	0.4	0.9
26463	1	0.4	0.4
178387	1	0	0.4
182306	0	0.2	0.3
234398	1	0.7	0.8
225711	1	0.2	0.9
147707	1	0.6	0.6
37777	0	0.2	0
72422	0	0.9	0.7
154256	0	0.5	0
259611	1	0.3	0.8
280791	1	0.3	0.1
156301	1	0	1
240302	1	0.8	0.3
333861	1	0.7	0.6
128703	1	0.5	0.3
259485	1	0.9	0.6
153783	0	0.4	0.5
140157	1	1	0.9
36876	0	0.4	0.4
258627	1	0	0.2
210371	1	0.7	0.4
171045	1	0.1	0
63100	0	0.2	0.6
136064	0	0	0.9
238719	0	1	0.3
168369	1	0.2	0.4
220096	0	0.7	0.5
254628	0	0.2	0.3
15877	1	0.8	0.3
132644	1	0	0.3
150335	0	0.7	0.7
3127	0	0.1	0.5
281187	1	0.3	0
244098	1	0.9	0.8
266993	0	0.8	0.1
58760	0	1	1
41950	1	0.1	0.6
78958	0	0.3	0.1
302001	0	0.2	1
414230	0	0.8	1
211799	0	0.4	0.9
134298	0	0.1	0.8
338640	0	0.1	0.5
53895	0	0.2	0.4
318948	0	0.5	0
251008	1	1	0.3
81427	1	0.9	0.1
47456	1	0	0
199950	1	0.6	0.7
120083	1	1	0.7
58440	1	0.4	0.4
271783	0	0.5	0.2
84501	0	0.6	0
165746	1	0.3	0.5
183562	1	0.5	1
134109	0	0.4	0
155252	1	0.9	1
80701	0	0.9	1
121584	1	0.1	0
59445	0	0.6	0.1
368025	1	1	0
164934	0	1	0.9
138702	0	0.8	0.5
328507	1	0.3	0.6
21555	0	0.3	0.4
262956	1	0.3	0.3
115289	1	0.5	0.6
59375	1	0	0.8
265074	1	0.9	0.5
187398	0	0.4	0.5
132935	1	0.9	0.1
401317	0	0.3	0
369516	0	0.4	0.3
386300	0	0	0.9
188321	0	1	0
397050	0	1	0.8
180916	0	0.5	0.1
89012	1	0.9	0.6
40936	0	0.5	0.1
71117	1	0	0.7
316157	1	0.1	0.1
329175	0	0.6	0.5
95709	1	0.2	0.2
184027	0	0.7	0.9
295236	1	0.2	1
47732	1	0.7	0.2
56914	1	1	0.5
168628	0	0.3	0.1
139567	1	0.5	1
142262	0	0.1	0.9
325948	0	0.6	0.2
231771	0	0.4	0.2
254773	0	0.3	0.1
120098	1	0	0.3
42228	1	0.4	0.3
321666	1	0.2	0.4
303251	1	0	0.5
176320	1	0.8	0.3
374482	1	1	0.9
110731	1	0.4	0
173693	0	0.9	0.6
148036	0	0.9	0.7
189068	0	0.9	0.5
997	0	0.4	0.5
270741	1	0.8	1
385710	1	0.8	0.2
393335	1	0.9	0.6
413998	1	0.4	0.5
7973	1	0.4	0.8
322964	0	0.3	0.1
163128	1	0.4	0.3
162890	0	1	0.8
127988	1	0.2	0.4
51155	0	1	0.7
318681	0	0.9	0.8
185134	0	0.5	0.2
297877	1	0.6	0.7
194888	1	0.7	0.5
141561	1	0.4	0.6
168939	0	0.5	0.1
195237	1	0.1	0.9
256114	1	0	0.1
300793	0	0	0.5
217753	0	0.2	1
17611	0	0.1	0.1
237639	1	0.3	0.5
147319	0	0.8	1
291698	0	0.1	0.7
285793	1	0.4	1
212059	1	0.3	0
174022	1	0.6	0.3
354181	0	0.5	0
207135	1	0.9	0.6
369334	0	0.7	1
31311	1	0.8	0.6
199159	1	0	0.2
196467	0	0.3	0.9
231564	0	0.3	0.8
234795	0	0.1	0.4
76352	0	0.5	0.3
320545	1	0.1	0.2
169031	1	0.5	0.7
260597	0	0.5	0.8
309610	0	0.4	0.7
321254	0	0.1	0.1
206992	1	0.8	0.6
13150	0	0.8	0.9
193879	0	0.3	1
137761	0	0.4	0.7
169152	0	0.8	0.6
158958	0	0.4	0.7
363061	1	0.7	0.9
13830	0	0.8	0
255742	0	0.3	0.1
62181	1	0.5	0.8
147775	0	0.8	0.2
322497	0	0.3	0.7
270825	0	0	0
112841	0	0	0.9
170652	1	0.5	0.3
24076	1	0.4	0.6
129733	0	0.1	0.6
55545	1	0.4	0.6
307060	1	0.2	0.8
233625	0	0	0.2
293994	1	1	0.5
131695	0	0.2	0.8
137995	0	0.3	0
734	1	0.5	0.7
170234	0	1	0.7
201277	1	0.8	0.2
303450	1	0.9	0.3
323229	0	0.1	1
10951	0	0.5	0.1
201377	1	0.9	1
17691	0	0.8	0
43499	0	0.5	0
183695	1	0.7	0
232148	1	1	0.4
127598	0	0	0.4
48110	0	0.7	0.7
273827	0	0.6	0.7
88545	1	0.1	0.7
106435	1	0.7	0.2
153160	1	0.6	0
153880	1	0	0.5
171623	0	0.4	0.7
84843	1	0	0.1
106417	0	0.1	0.8
148020	1	0.4	0.7
367049	1	0.4	0.4
110265	1	0.8	0.2
300851	0	0.7	0
5836	1	0.4	0
218756	1	0.2	1
325388	1	0.6	0.7
169344	1	0.4	0
17641	0	0	0.3
412661	0	0.1	0.2
224733	0	0.1	0.1
184590	1	0.2	0.1
199306	1	0.2	1
55800	0	0.9	0.2
262177	1	0.7	0.9
147251	1	0.6	0.1
146584	0	0.6	0.2
337268	0	0.9	1
247733	0	0.6	0.8
408747	1	0	0.6
51152	1	0.7	0.2
113499	1	0.7	0.6
414103	0	1	0.6
206822	0	0.1	0.5
223473	1	0.6	0.4
186092	1	0.1	0.5
146740	1	0.8	0
171685	0	0	1
126373	1	0.6	0.1
202513	0	0.3	0.4
4761	0	0.8	0.4
212972	0	0.7	1
105222	1	0.6	0.6
340933	1	0.3	0.9
256471	1	0.2	0
224490	1	0.8	0.9
82357	0	0.4	0.3
166407	1	0.9	0.5
348490	0	0.7	0.1
117904	0	0.2	0.5
197141	0	0	0.6
25847	1	0.8	0.3
220624	1	0.9	0.3
320960	0	0.4	0.7
30288	1	0.6	1
298220	1	0.1	0.1
189428	0	0	0.2
272783	0	0.4	0.6
197177	1	0.9	0.3
168466	1	0.7	0.6
17063	1	0.1	0
116611	0	0.6	0.8
360360	1	0.7	1
38889	1	0.5	0.3
162492	1	0.9	0.9
78337	0	0.4	0.3
123889	1	1	0.1
276259	0	0.1	0.6
169753	1	1	0.2
151040	1	0.9	0.9
194406	1	0.8	0.1
25991	0	0.3	0.6
89048	0	0.8	0.5
204433	0	0.2	0
243735	0	0.7	0.3
34845	1	0.3	1
239740	1	0.9	0.6
337041	0	0.2	0.4
229270	1	1	0.1
88294	1	0.5	0.8
180539	0	0.2	0.2
381449	0	0	0.7
152482	1	0.4	0.4
233041	0	0.1	0.3
14730	0	0	0.7
28013	1	0	0.2
37057	1	0.3	0.4
83822	0	0.1	0.8
389667	0	0.2	0.2
162891	1	0.2	0.1
57636	1	0.4	0.8
61833	0	0	1
339612	1	0.1	0.3
116502	0	0.7	0.2
240357	0	0.7	0.1
373234	1	0.8	0.5
361162	1	0	0.2
192307	1	1	0.3
138086	0	0.9	0.6
188876	1	0.1	0.2
339474	0	0.1	1
149157	1	0.1	0.1
36696	0	0.8	0.6
141486	1	0.8	0.6
300635	0	1	0.8
379142	0	0.4	0.6
385232	1	0.1	0
34424	0	0.1	0.9
14132	1	0.8	0.3
119447	1	0.2	0.2
405718	1	0.8	0.5
268307	1	0.5	0.7
259306	0	1	0.1
110299	1	0	0.4
227286	0	0.4	0.1
140949	0	0.8	0.3
36059	0	0.7	0.9
40581	1	0.6	1
147715	0	0.5	1
164525	1	0.7	0.9
21570	1	1	1
193982	1	0.8	0.8
383660	1	0	0.5
377571	0	0.5	0.4
226912	1	1	0.4
216895	1	1	0.7
57397	0	0.1	0.1
149304	1	0.4	0.2
278118	0	0.1	0.8
80361	0	0.6	0.3
198157	1	0.8	0
220286	0	0.4	1
133952	0	0.5	0
376836	1	1	0.2
215881	1	0.3	1
192701	1	0.6	0.8
181310	1	0.7	1
409599	1	1	0.6
139343	1	1	0.8
274216	0	0.3	0.6
337505	1	0.1	0.7
139397	1	1	0.8
384621	0	0.1	0
383099	0	0.3	0.6
260200	0	0.8	0.6
258178	0	0.8	0.1
365775	1	0.6	0.7
362099	0	0.8	0.1
175361	1	0	0.6
158934	1	0.1	0.8
98959	1	0.1	0.7
293446	1	0.9	0.7
293741	1	1	0.1
297566	1	0	0.1
400922	0	0.4	0.5
102751	0	0.9	0.5
208750	1	0.9	0.6
266766	0	0.6	0.6
336923	0	0.7	0.4
123017	0	0.3	0
43387	0	0.9	1
175539	0	0.2	0.7
288949	0	0.5	0.5
40078	1	0.2	0
36013	1	0.7	0.3
278216	1	0.1	0
233061	0	0.9	0.8
159554	0	0.8	0.6
407051	0	0.2	0.2
221224	0	0.9	0
134317	1	0	0.5
114617	1	0.4	0.5
405791	0	0.1	0.3
13410	1	0.7	0.3
112528	1	0.9	0.9
391181	0	0.3	0.6
68339	0	0.6	0.6
372066	1	0.1	0.5
267775	0	0.9	0.3
207419	1	0.7	0
48604	1	0.2	0.2
158	1	0.3	0.6
77832	0	0.4	0.7
98539	0	0.3	0
301776	1	1	0.3
11686	0	0.7	0
197922	0	0.1	1
262055	1	0	0.3
50541	0	0.2	0.8
119958	1	0.7	0.6
323959	0	0.2	0.6
134794	0	0.8	0.4
333644	1	0.9	1
156654	0	0.4	0.4
125809	1	0.8	0
174533	0	0.4	0.7
7104	1	0.6	0
265624	1	0.2	0.5
309740	1	0.5	0.2
408464	0	0.7	0.6
320867	0	0.1	0.1
330922	1	0.4	0.8
2326	1	1	0.4
336132	0	0.3	0.4
98042	0	0	0.5
362890	1	0	0
74563	0	0.7	0.5
106971	1	0.4	0.1
236096	0	0.7	0.3
30443	1	0.3	0.8
285224	1	0.8	0.4
186632	0	0.7	0.2
341054	1	0.8	0.4
61575	1	0.7	0.6
302112	0	0.2	0.8
305913	1	0.4	0.6
131139	1	0.6	0.8
329928	0	0.1	0.3
145888	0	1	0.1
319104	0	0.5	0.7
360690	1	0.1	0.7
99045	1	1	1
387845	0	0.1	0.2
293067	1	0.9	0.6
291224	1	0.6	0.7
277915	0	0.5	0.4
298245	1	0.5	0.4
272273	0	0	0.7
177367	1	0.1	0.5
392874	1	0.3	0.9
201322	1	0.9	1
53353	0	0.2	0.8
353566	0	0.3	0.9
233233	1	1	0.2
149381	0	0.5	0.5
70089	1	0.6	0
262549	1	0.5	0.7
389178	1	0.2	0
86052	0	0.8	0.1
232153	0	0.3	1
92411	0	0.7	0.6
102833	0	0.6	0.9
41223	1	0.7	0.5
189359	0	0.5	0.2
92159	0	0.6	0
175500	1	0.5	0.2
146306	0	0.5	0.6
180547	1	0.4	0.4
61572	1	0.3	0.1
161633	1	0.5	0.2
93034	0	0.8	0
319207	0	1	0.1
260281	0	1	0.4
29239	0	0.2	0.6
230282	1	0.8	0.2
259148	1	0.4	0.8
178903	1	0.2	0.2
176568	0	0.4	0.9
110470	1	0.5	0.9
260862	1	0.1	1
19047	1	0.1	0.2
70770	1	0	0.3
31587	1	0.6	0.5
417322	0	0.1	0.6
204501	0	0.3	1
228843	1	0.5	0.8
368720	0	0.1	0.2
7476	0	0.1	0.4
256841	1	1	0.5
255747	0	0.6	0.7
380024	1	0.5	0.7
34347	0	0.8	0.7
282489	1	0.2	0.4
382163	1	0.8	0.1
117725	0	0	0.6
394616	1	0	0.4
65112	0	0	0.9
96434	0	0.3	0.6
53556	1	0.2	1
81464	0	0.7	0.8
95550	0	0.2	0.4
268398	1	0.4	0.6
280680	1	0.2	1
345149	0	0.5	0.8
145128	1	0.1	0.6
241006	0	0.7	0.1
374258	1	0.1	0
4661	1	0.6	0.1
3511	0	0.2	0.2
212165	1	0.6	0.8
225634	1	0.1	0.9
337675	0	0.7	0.4
181778	1	0.3	1
141498	1	0.2	0.8
220447	1	0.5	0.9
325038	0	0.1	0.7
251739	0	0.3	0.9
128558	1	1	0.9
17544	0	0.1	0.1
302631	0	0.9	0.4
183992	1	0.5	0.3
53861	1	0.1	0.2
163187	1	0	0.6
240573	0	0.7	0.3
189971	0	0.6	0.8
182969	0	0	0.9
53598	1	0.6	0.9
285954	0	0.3	0.3
321224	0	0.3	0
73299	0	0.1	0.4
32295	0	0.5	0.7
231290	0	0.3	0.6
203238	0	0.7	0.7
132703	1	0.6	1
300730	0	0.7	1
135026	0	0.9	0.6
343168	0	0.5	0.9
365705	1	0.1	0
144309	0	0.4	0.9
195784	1	0.9	0
93503	0	0.2	0.6
34990	1	0.6	0.5
146373	0	0	0.1
417744	0	0.4	1
265937	0	0.5	0.9
91886	0	0.6	0.9
124589	1	0.5	0.5
12907	1	0.8	0.3
383083	1	0.6	0.2
29242	1	1	0.8
41641	1	0.1	0.6
53553	0	1	0.3
399774	1	0.2	0.7
266291	0	0.6	1
289561	1	0	0.1
163759	0	0.5	0.3
342048	1	0.9	0.7
372701	0	0.3	0.6
101937	1	0.9	0
409184	1	0.8	0.1
141270	0	0.6	0.1
191373	0	0.2	0.4
117660	1	0.3	0.7
410155	0	0.1	0.6
76153	1	1	0.2
147408	0	0.1	0.8
296320	0	0.5	0.5
360330	0	0.7	0.5
32177	1	0.7	0.4
142782	1	1	0.7
221489	0	0	0.4
331931	0	0.9	0.8
136273	0	0.9	0.3
34872	1	0.8	0.4
60012	1	0	0.1
37394	0	0.5	1
323523	0	0.7	0.4
215882	0	0.9	1
404314	0	0.3	0.2
266700	0	0.2	0.3
253432	0	0.7	0.3
33115	1	0	0.7
131494	0	0.2	0.5
314871	0	0.7	0.2
47835	0	0.8	0.4
333214	1	0.4	0.2
155005	0	0.9	0.1
346112	0	0.2	0.6
76819	1	0.5	0.3
59016	0	0.8	0.3
150777	1	0.5	0.7
3640	1	0.8	0
98297	1	0.3	0.8
298062	0	0.3	0.5
236619	1	0.9	0.2
167516	1	0.9	0.4
66476	1	0.4	0.7
187741	0	0.8	0.8
133757	1	1	1
363692	0	0.3	0.8
89855	1	0.2	0.9
127357	0	0.3	0.9
233794	0	0.8	0.6
47373	1	0.3	0.7
223188	0	0.8	0.7
288678	1	0.8	0.6
171954	1	0.4	0.4
392695	1	0.7	0.6
229908	0	0.1	0
200757	0	0.9	0.8
329251	1	0.4	0.2
170487	1	0.2	0.8
6717	0	0.9	0.2
159954	1	0.5	0.5
95882	1	0.2	0.3
368072	0	0.4	0.3
12261	0	0.9	0
205836	1	0	0.7
15760	1	0	0.7
322464	0	0.8	0.5
298198	1	0.6	0.7
128909	1	0.8	0.7
246999	1	1	0.3
224454	1	0.6	0
84807	0	0.6	0
112948	1	0.2	0.6
184119	0	0.9	0.2
139385	1	0.9	0.2
257295	1	0.4	0.2
220351	1	0.1	0.1
271362	1	0	0.4
38771	1	0.9	0.8
292093	0	0.8	0.9
92177	0	0	1
120521	0	0.5	0.2
78299	1	0.1	0.6
205180	0	0.5	0.3
274632	1	0.2	0.8
194493	1	0.9	0
247364	1	0.9	0.2
80106	1	0.4	0.4
337180	0	0.1	0
194980	0	0	0.5
221930	0	0.5	0.5
157980	1	0.2	0.8
150009	0	0.8	0.6
273274	0	0	0
125994	1	0.2	0.1
31011	0	1	1
325620	0	0.4	0.9
156389	1	0.1	0.8
215930	1	0.5	0
287147	0	0.1	0.3
260882	1	1	1
368724	0	0.4	0.5
279896	1	0.5	0.8
24963	1	0	1
78625	1	0.1	0.1
249965	1	0.8	0.5
42231	1	0.4	0.2
86784	1	0.4	0.5
235535	0	0.9	0.4
81863	1	0.1	0.4
406073	1	0	0.4
67769	1	0.2	0.4
11859	1	0.5	0.1
197738	1	0.4	0.6
171590	1	0.6	0
26391	1	0.4	0.2
226297	1	0.1	0.6
176483	1	0	0.2
114142	0	0.5	0.5
68657	1	1	0.6
314828	1	0.9	0.8
302718	0	0.5	0.9
327959	0	0.1	0.1
139596	1	0	0.5
194001	0	0.7	0.7
312158	0	0	0.7
92668	0	0.7	0.3
412623	1	0.8	1
124138	1	0.9	0.8
139275	1	0.4	0
141290	0	0.4	1
68097	1	0.2	0.6
73277	0	0.4	0.5
18384	0	0.9	0.4
303156	1	0.8	0.9
221242	1	0.1	0.4
151302	0	0	0.6
16032	0	0.7	0.8
280914	0	0.7	0.7
41495	1	0.3	0.7
227807	1	0	0.1
261788	1	0.8	0
119530	1	0.6	0.6
230410	0	0.5	0.5
185787	0	0.9	0.7
242210	0	0.4	0.3
370448	0	0.9	0.3
15164	0	0.6	0.5
54064	0	0.9	0.4
168261	1	0.5	0.1
229912	0	0.2	0.3
68366	0	0.9	0.3
268543	1	1	0.7
35480	0	0.2	0.1
168421	0	0.8	0.8
270997	1	0.6	0.7
155188	1	0.8	0.2
395049	0	0.9	0.6
130663	0	0.6	0.9
296400	1	1	0.4
81893	0	0	0.9
406798	1	0	0.6
209286	0	0.7	0.1
45759	0	0.8	0.4
203741	1	0.3	0.9
17624	1	0.4	0.1
66730	0	0.6	0.9
217768	1	0.7	0.4
263760	1	0.2	1
263885	0	0.5	0.5
119287	1	0.9	0.7
183160	1	0.8	0.6
128675	0	0	0.3
76561	0	0.4	0
218253	0	0	1
406563	1	0.3	0.3
259620	0	0.2	1
15243	0	0.1	0.6
337955	1	0.2	0.6
257351	1	0.9	0.6
168940	0	0.1	0.1
14964	0	0.1	0.8
364595	1	0.9	0.3
399400	0	1	0.6
98579	1	0.3	0.1
238583	1	0.4	1
363039	1	0.5	0
359116	0	0.7	0.8
78628	0	0.9	0.9
109269	0	1	0.8
91923	1	0.5	0.6
253784	1	0.2	0.3
336809	0	0.1	0.3
282107	0	0.4	0
416005	0	0.7	0.8
134936	1	0	0
214274	1	0.2	0.2
214506	0	0.7	0.4
143099	0	1	0.2
177758	1	0.4	0.1
208886	0	0.5	0.8
180209	1	1	0
94469	0	0.5	0.5
216436	1	0.4	0.7
238845	0	0.6	0.6
79467	1	0.6	0.6
173148	0	0	0.9
79569	0	0.4	0.4
238244	1	0.3	0.7
278367	0	0.7	1
42592	1	0.4	0.9
405200	0	0.5	0.6
251041	1	0.4	0.4
97889	1	0.8	0.3
286565	1	0	0.5
72300	0	0.1	0.2
323392	1	0.1	0.3
347771	1	0.9	0
46703	0	0	1
196428	0	0.5	0.6
343427	0	0.9	0.3
277435	0	0.1	0.5
8026	1	0.6	0.5
37215	1	0.9	0.2
249286	1	0.8	0.8
106999	1	0.2	1
239478	1	0.6	0
367736	1	0.7	0.1
106346	0	0.1	0.1
82950	1	0.2	0.4
26458	1	0.8	0.3
263081	1	0.9	0.2
247698	1	0	0
89763	0	0.9	0.1
256605	1	0.5	0.8
6451	0	0.3	0.5
165653	0	0.4	0.9
199137	0	0.7	0.9
222819	0	0.7	1
185677	1	0.2	0.3
345670	0	0	0.5
38462	0	0.9	1
96573	1	0.3	0.4
300859	1	1	0.7
199584	1	0.7	0.2
283913	1	0.7	1
41664	1	0.9	0
94393	1	0.9	0.8
185320	1	0.7	0.8
117245	0	1	1
387875	1	0	0.8
228894	0	0.2	0.6
151558	0	0.4	0.5
14454	1	1	0.4
207568	1	1	0.7
208691	1	0	0.3
312041	1	0.3	0.9
632	0	0.9	1
176512	1	0.3	0.9
254169	0	0.9	0.1
13104	0	0.9	0.1
179470	1	0.4	0.3
368800	1	0.6	0.9
281426	1	0.5	0.5
164255	0	0.1	0
188967	1	0.8	0.5
105084	1	0.4	0.5
238152	1	0.3	0.2
192076	0	0.2	0
139742	0	0.9	0.3
301813	1	0.8	0.5
121256	0	0.6	0.9
189077	1	1	0.5
7166	0	1	0.2
173480	0	0.1	0.8
379659	0	0.6	0.9
380879	1	0.3	0.9
27496	1	0.6	0.9
101391	0	0	0.1
149986	1	0.7	0.5
409725	0	0.2	0.8
349310	1	0.9	0.8
98054	0	0	0.7
248964	0	0.4	0
125275	0	0	0.3
80599	0	0.5	0.4
117601	1	1	0.8
100150	1	0.3	0.4
323620	1	0.5	1
22426	0	0.4	0.7
412293	0	0.5	0.6
139483	0	0.5	0.9
76081	0	0.4	0.5
110548	0	0.7	0
217052	1	1	1
305048	0	1	0.2
7837	1	0.9	0
291416	0	0.4	0.3
69462	0	0.2	0.9
118430	1	1	0.3
135189	1	0.4	0.8
93080	0	0.8	1
273029	1	0.3	0.1
138187	0	0.9	0.9
74380	1	0.4	0
140349	0	0.5	0.6
58433	0	0.5	0.9
93591	1	0.9	0.6
108812	0	0.8	1
153346	0	0.8	0.1
294206	0	0.4	0.2
322017	1	0.3	0.3
165333	0	0.5	0.1
164364	0	1	0.9
211716	1	0.4	0.1
91424	1	0.2	0.5
5308	0	0.8	0.9
289638	0	0.6	0.1
236683	0	0.7	0.4
293579	0	0	0
148889	0	0.1	0.7
256333	0	0.3	0.2
78799	0	0.8	0.8
165561	1	0.4	0
211534	1	0.6	0.1
276012	1	0.6	0.4
205336	0	0.3	0.7
41648	1	0.5	0.6
260540	0	0.8	0.1
257462	1	0.1	0.4
256106	0	0	0.8
288382	0	0.6	0.3
294677	0	0.9	0.5
172360	0	0.5	0
344464	0	0.9	1
359471	0	0.4	1
220706	1	0.8	0.9
140805	0	0.4	0.7
239246	1	0.7	0.3
234431	1	0.7	1
383009	1	0.3	0.2
199822	1	0.4	0.2
89920	0	0.5	0.8
172147	1	0.1	0.8
367483	0	0.7	0.7
131127	0	0.3	0.4
288870	1	0.4	0.1
395639	0	0.5	0.7
99108	1	0.4	0.4
316061	1	0.5	0.1
156175	0	0.4	0
38017	1	0.4	0.4
407364	1	0.4	0
205480	1	0.7	0.2
211096	0	0.1	0.8
54076	0	0.1	0.3
388277	1	0	0.3
267397	0	0.5	0
259199	0	0.2	0.7
337122	1	0.7	0.3
276659	0	0.8	0.2
58807	0	0.1	0.4
146086	1	0.3	0.7
221987	1	0.6	0.3
408334	0	1	0.6
243309	0	0.4	0.6
255477	0	0.8	0.1
197078	0	0.3	0.3
167753	1	0.8	0.9
30853	0	0.2	0.9
270705	0	0.5	0
319654	0	0.1	0
201409	0	0.7	0.2
364144	0	1	0.5
374532	0	0.1	0.6
215484	0	1	0.3
1475	1	0.7	0.4
87736	0	0.5	0.7
156778	0	0.3	0.6
22231	1	0.4	1
404334	1	0.5	0.7
136549	1	0.3	0.8
273010	0	0.6	1
95006	1	0.7	1
144696	1	0.5	0.1
232133	0	0.6	0.3
141891	0	0.3	0.1
47975	0	0.6	0.1
62272	1	0.3	0.9
94903	1	0.8	0
233468	1	0.8	0.2
148401	0	0	1
142854	1	0.1	0.9
411979	0	0.7	1
52898	0	0.6	0.2
91156	1	0.4	0.6
71563	1	0.6	0.8
377618	1	1	1
99983	0	0.2	0.4
134128	1	0.8	0.2
85123	1	0.3	0.1
205813	1	1	0.6
301182	1	0.2	0
22972	0	1	0
157907	0	0.6	0.5
229615	1	0.6	0.4
59824	1	0.2	0.3
322750	0	0	0.1
422419	0	0.5	0.3
165322	1	0.8	0.7
288987	0	0.8	0.7
361426	0	0.7	0.4
362437	0	0.1	0.5
263482	1	0.8	0.8
76593	1	0.9	0.7
266947	0	0	0.2
370214	1	0.4	0.3
209820	1	0.2	0.9
235817	0	0	0.7
397790	0	0.1	1
27038	1	0.1	0.2
98230	1	0.7	1
373255	0	0.7	0
41881	1	0.2	0.5
13232	1	0.3	0.3
214493	1	0.4	0.8
73295	0	1	0.2
304168	1	0.7	0.7
367122	0	0	0.3
412228	0	0.9	1
172302	1	0.1	1
205433	1	1	0
381446	1	1	0.5
8467	0	1	0.7
31150	0	0.7	0.2
51416	0	0.6	0.6
227030	0	1	0.4
271020	0	1	0
205448	1	0	1
365370	1	0.8	1
288221	0	1	0
200153	1	0.2	1
359801	1	0.4	0.9
304993	1	0.4	1
12586	1	0.9	0.1
289708	1	0.8	0.2
217689	1	0.3	0.5
91648	1	0.8	0.4
215450	1	0.7	0.7
296579	1	1	0.7
161453	0	0.4	0.4
82016	0	0.7	0.2
194648	0	0	0.6
183559	1	0.5	0.8
239643	0	0.3	0.4
303181	0	0.3	1
7092	1	0.2	0.1
217655	0	0.4	1
287766	1	0	0.8
95421	0	0.2	0.5
261416	0	1	1
72087	1	0.2	1
296502	1	0.3	0.6
119524	0	0.3	1
273184	1	0.2	0.4
312432	1	0	0.7
301132	0	0.9	0.6
278398	0	1	0
283253	0	0	0.8
332364	0	0.5	0.9
264160	1	0.9	0.9
166076	0	0.4	0.2
304439	1	0.6	0.5
244369	0	0.8	0.1
73883	1	0.7	1
59507	1	0.4	0.6
11120	0	0.1	0.4
88623	0	0.4	0.1
58584	0	0.9	0.1
8352	1	0.4	0.4
328686	1	0.1	0.7
332997	0	0.7	0.2
168577	1	0.7	0.4
301161	0	0.9	0.4
97487	1	1	0.3
250117	0	0.8	0.7
140812	0	0.3	0.1
173147	0	0.5	0.2
113240	1	1	0.5
403648	1	0.2	1
194404	0	0.2	0.3
54055	1	0.3	0.3
138889	0	0.6	0.7
238361	0	0.4	0.8
41369	1	0.1	0.6
264168	1	0.5	1
59465	0	0.8	0.7
48890	0	0.9	0.2
128539	1	0	0.3
68192	0	0.1	0.9
46410	0	0.5	1
289989	1	0	0.4
232766	1	0.8	0.5
234438	0	0.3	0.7
31682	1	0.5	0
221246	0	0.4	0.1
52626	1	0.9	0.5
342630	1	0.6	0.5
250222	1	0.1	0.4
133931	0	0.2	0.6
165859	0	0.2	0.5
169530	0	0.4	0.8
332606	0	0.3	1
335725	0	0	1
70403	1	0.8	0.8
222971	1	0.3	0.3
105672	0	0	0
328122	1	0.2	0.2
378028	0	0.1	0.7
351670	1	0.5	0.1
121434	1	0.3	0.5
272424	1	0.4	0.1
249295	1	0.8	0.6
77422	1	0.4	0.5
342126	1	1	0.7
195543	0	0.3	0.4
149113	1	0.2	0.6
288257	1	0.8	0.1
290371	0	0.2	0.8
335604	0	0.4	0.5
295179	1	0.6	1
113321	0	0.2	0.6
238181	0	0.4	0.3
313186	1	0.1	0.2
163817	0	0.6	0.4
14904	0	0.2	0.2
105132	1	0.7	0
43142	1	0.5	0.5
145184	0	0.2	0.4
114587	0	0.9	0.1
185977	0	0.2	0.4
178712	0	0.2	0.4
182653	1	0.6	0.6
28033	0	0.5	0.9
301706	1	0.1	0
302154	1	0.3	0.6
237590	1	0.2	0.3
114453	0	0.2	0.4
118650	1	1	0.4
328842	1	0	0.9
231860	1	0.8	0.3
98867	0	0.7	0.6
289315	1	0.6	0.3
46199	0	0.2	0.9
415108	0	0.7	0
46888	0	0.9	1
145699	0	0.1	0.1
243001	1	0.3	0.8
143333	0	0.8	0.7
146583	0	1	1
129696	1	0.2	0.2
145332	1	0.8	0.6
176133	1	0.4	0
129436	1	0.4	0.8
52653	0	1	0.8
328615	0	0.6	0.1
6607	1	0.7	0.1
147067	0	0.3	0.5
297750	1	0.1	1
180542	0	1	0.4
327847	1	0.5	0
112604	1	0.9	0.6
24198	0	0.8	0.1
359721	0	0.5	0.7
105688	0	0.8	0.5
238684	0	0.6	0.3
139973	1	0.8	0.3
17240	0	0.8	0.6
410517	1	0.9	0.1
20236	1	0.1	0.5
363418	1	0.6	0.9
270863	1	0	0.6
382743	1	1	0.9
193191	0	1	0
150711	0	0.8	0.2
319822	0	0.2	0.9
394124	1	0.8	0.6
340799	1	0.6	0.2
150324	1	0	0.3
50955	0	0.3	0.9
217238	1	1	0.6
89284	0	0.6	0.5
323446	0	0.8	0.8
293709	1	0.5	0.4
59995	0	0.2	0.1
5164	1	0.4	0.4
135642	1	1	0.4
104553	1	1	0.1
366887	1	0.2	0.2
130682	1	0.3	0.3
352661	1	1	0.1
63978	1	0.6	0.2
165873	1	0.8	0.2
170710	1	1	0.4
218449	0	1	0.7
198849	1	0	0.6
168251	0	0.6	0
322170	1	0.6	0.1
281061	0	0.4	0.7
75292	1	1	0.2
102312	1	0.1	0.1
330057	1	0.6	0.4
346572	1	0.1	0
159107	0	0.1	0.5
53238	1	0.7	1
6489	1	0.3	0.3
14967	1	0.3	0.9
96519	0	0.9	0
205548	0	0.1	1
262562	0	0.9	0.9
406124	0	0.4	0.1
220599	1	0.1	0.2
194435	1	1	1
222301	0	1	0.1
368274	0	1	1
197135	0	0.8	0.1
36827	1	0.8	0.9
273258	0	0.9	0.3
32156	1	0	0.4
184211	1	0	0.8
105540	1	0.5	0.5
61289	0	1	1
15772	0	0.8	0
190795	1	0.4	0.3
31542	1	0.5	0.9
313338	1	0.7	0.1
45480	1	0.7	0.3
307924	0	0.5	0
214310	0	0	0.3
19753	1	0.2	0.4
261669	1	0.8	0.3
256637	1	0.9	0.4
133131	1	0.3	0.7
264328	0	0.6	0.7
45819	1	0.8	1
327430	1	0.8	0.8
215118	1	0.5	0.1
146796	1	0.1	0.7
260558	0	0.3	0.2
129695	1	1	0.6
406899	0	0.5	0.4
346611	1	0.3	0.6
350868	1	0.3	0.4
288238	1	0.9	0.9
24394	0	0.8	0
170113	0	0.5	0.2
261447	0	0.9	0
233617	1	0.6	1
404249	0	0	0.6
297169	1	0.9	0.4
142095	0	0.2	1
108205	1	0	0.1
368076	1	0.5	1
310843	1	0.3	0.9
73059	0	0.8	1
133500	1	0.5	0.9
166839	0	1	0.1
190244	1	0.2	0.2
206162	0	0.2	0
136097	0	0.5	0.5
323480	1	0	0
322226	1	0.9	0.5
265891	0	0.9	0.9
248070	0	0.8	0.9
35546	1	0.7	0.5
93272	0	0.2	0.6
377008	1	1	0.2
75132	0	1	0.4
105655	1	0.5	0.5
306744	0	0.2	0.7
312815	1	0.3	0.3
366081	1	0.1	0.2
127362	0	1	0
371581	1	0.6	0.8
69473	1	0.3	1
1244	1	0	0.8
309889	1	0.6	0.4
89490	0	0.5	0.1
98173	1	0.6	1
200280	0	0	0
201198	1	0	0.4
76844	1	0.8	0.9
149158	0	0.2	0.6
213317	0	0.9	1
235730	1	0.2	0.2
286729	0	0.1	0.1
303639	1	0.4	0.7
306965	0	0.5	0.7
195431	1	0	0.8
340194	1	0.3	0.5
210922	0	0.2	0.9
392092	0	0.1	0.9
256948	1	1	0.2
318017	0	0.5	0.8
35983	0	0.3	0.9
185873	0	0	0.7
272342	1	0.2	0.6
67868	0	0.9	0.3
123171	1	0.4	0.7
112428	1	0.9	0.2
13454	1	0.2	0.1
187335	1	0	0.9
330745	0	0.3	0.6
415729	1	0.5	1
193969	1	0.7	0.4
295893	0	0.6	0.2
296995	1	0.5	0.6
66328	1	0.6	0.6
151317	1	0.9	1
230703	1	0.8	0.6
23479	0	0.8	0.1
9800	1	0.6	1
130143	1	0.4	0.8
103316	1	1	1
173463	0	0.9	0.8
13078	0	0.3	0.6
208474	1	0.4	0.8
252180	1	0.6	0
123320	1	0	0.8
173392	1	0.4	0.1
166154	1	0.7	0.1
300216	1	0.4	1
363505	0	1	0.8
312175	1	0	0.8
173811	1	0.8	0.1
136028	1	0.2	0.1
234201	1	0.1	0
33231	1	1	0.8
344007	0	0.6	0.5
364489	0	1	0.7
11728	1	0.5	0.8
16824	1	0.6	0.7
349808	0	0.1	0.4
149308	1	0.5	0.1
381110	0	0.9	0.4
262186	0	0.8	0.9
163673	0	0.3	0.2
49479	0	0.5	0.2
217457	1	0.2	0.9
279672	0	0.9	0.6
316585	1	0.8	0.2
294254	0	0.2	0.7
193909	0	0	0.2
201349	1	0.5	0.2
99829	1	0.6	0.4
114541	1	0.9	0.5
210250	0	0.1	1
39012	0	1	0.6
321050	1	0.1	0.1
247375	1	0.4	0.7
163484	0	0.4	1
6630	0	0.2	0
66103	0	0.1	0.9
34098	1	0.5	0.3
124631	1	0.3	0.5
135132	1	0.7	0.1
239171	1	0.3	0.6
173060	1	0	1
314514	1	0.4	0.4
258100	1	0.7	1
95029	0	0.5	0.5
110056	0	0	0.9
259346	1	0.3	0.2
171654	0	0.9	0.4
21287	1	1	0.2
333602	1	1	0.9
75062	0	0	0
55187	0	0.2	0.2
32695	0	0.7	0
264426	1	0.7	1
359247	0	0.3	1
150637	0	0.2	0.4
97137	1	0.9	0.2
129204	0	0.1	0.6
166282	0	0.5	1
261762	0	0.7	0.5
40020	1	0.4	0.5
124354	0	0.3	0.1
24697	1	0.2	1
340148	1	0	0.4
219969	1	0	0.5
171972	1	0.1	0.8
57087	0	0.9	0.4
202001	0	0.5	0.1
375326	1	0.8	0.4
195101	0	0.3	0
323164	1	0.8	0.5
299299	1	0.5	1
385027	0	0.5	0.9
212739	1	0	0.1
18523	0	0	1
337240	1	0.1	0.9
31987	0	0.9	0.9
233620	1	0.6	0.5
255013	0	0.5	0.4
130066	1	0	1
229864	1	0.6	0.8
246015	1	0.7	0.5
99317	1	0.4	0.4
124175	1	0.2	0.5
163149	0	1	0.5
293448	1	1	0.4
247891	1	0.4	0.8
100518	1	0.9	0.1
38815	1	1	0.1
39788	1	0.3	0
343288	0	0.6	0
170292	1	0.2	0.7
156684	1	0.2	0.9
363608	0	0.7	0.1
258986	1	0.4	0.1
128613	0	0.4	0.1
394274	0	0	0.7
272596	1	0	0.6
110425	1	0	0.8
128371	1	0.8	0.1
76137	1	0.8	0.5
368266	0	0.9	0.7
257559	0	0.4	0
54856	1	0.2	0.4
194208	0	0.9	1
31788	0	0.1	1
338335	1	0.7	0.6
120807	0	1	0.5
141834	1	0.8	0.6
164632	0	0.2	0.2
164226	1	0.3	0.4
275117	1	0.9	0.2
272681	1	0.8	0.4
196983	0	0.8	0.5
393113	0	0.4	0.2
244803	0	0.9	0.2
425271	1	0.3	0
176279	0	0.3	0.5
19895	1	0.2	0.5
132292	0	0.8	0.5
257222	0	0.3	0.2
134064	1	0	0.2
224987	0	0	0.5
135850	1	0.5	0.3
387428	0	0.9	0.2
255319	1	0.3	0.3
56492	1	1	0.9
128407	0	0.3	0.9
58796	1	1	0.3
61153	0	0.7	1
93922	0	0.1	0.5
319688	0	0.9	0.3
226081	0	0.8	0.8
182504	0	0	0.7
372664	1	1	0.8
413409	0	0.9	0.5
104752	0	1	0.8
91104	1	1	0.5
30809	0	1	0.9
172824	0	0.2	0.1
209049	0	0	0.9
34192	0	0.5	0.1
16850	0	0.1	0.1
100300	1	0.3	0.9
217185	1	0.7	0.2
250571	0	0.7	0
115300	1	0.5	0.5
81456	0	0.2	0.2
277970	1	0.7	0.1
261772	0	0.3	0.3
348438	0	0.4	0.6
187255	0	0	0.3
152513	0	1	0.5
216146	1	0.1	0.7
38603	1	0.6	0.9
160576	0	0.4	0.7
110977	0	0.2	0.4
371066	0	0	0.7
183961	1	0.8	0.3
143193	1	0.9	0.9
112696	1	0.1	0.5
363497	0	0.7	1
261721	1	0.8	0.3
292269	0	0.2	0.1
190908	1	0.7	0.6
95693	0	0.4	0.1
37410	1	0.3	0
358894	0	0.3	0.5
136345	0	1	0.6
301076	1	0.2	0.5
323732	1	0	0.2
97325	0	1	0.8
124673	0	0.3	0.3
67585	0	0.8	0.7
370338	1	0.6	1
186428	1	0.3	0.7
118240	0	1	0
74565	1	0.5	0.9
302411	0	1	0
239626	0	0.6	0.3
237211	1	1	0.6
297354	0	0.7	0.1
120294	0	0.5	0.6
130318	0	0.2	0.3
289419	0	0.7	0.3
127491	0	0.5	0.3
193585	0	0.4	0.9
129630	1	0.8	0.3
213731	0	1	0.1
267731	0	0.3	0.2
139402	1	0.6	0.4
237540	1	0.8	0.4
16550	1	0.3	0.6
237563	1	0.5	0.4
200706	1	1	1
33919	0	0.9	0.9
41269	1	0.1	0.5
125931	1	0.6	0.8
335849	1	0.6	0.1
241170	1	0.3	0.6
23707	1	0.6	0.2
41109	0	0.2	0.6
305629	0	0.1	0
75746	1	0	0.2
165547	0	0	0.4
218344	1	0.1	0.7
251095	0	0.1	0.8
13665	1	1	0.3
96475	0	0.5	0.4
9378	1	0.1	0
162946	0	0.7	0
130490	1	0.1	0.1
325125	1	0.5	0.7
78369	1	0.3	1
293158	0	0.3	0.7
271848	0	0.3	0.3
332274	1	0	0.9
105344	1	0.3	0.6
279066	0	0.9	0.2
151418	1	0.9	0.5
123319	1	0	0.4
285065	0	0.9	0.4
58202	1	0.1	0.5
412986	1	0.3	0.1
218064	1	0.7	0.4
76976	0	0.6	0.8
306321	1	0.8	0.4
35414	1	0.4	0.8
168220	1	0.5	0.3
272232	1	0.7	0.3
409851	0	0.3	0.2
248207	1	0.1	0.4
148180	0	0.7	0.4
156593	1	1	0.1
193408	1	1	0.9
173731	0	1	0.5
244259	1	0.8	0.4
219898	0	0.8	0
309015	0	0.9	0.6
198649	0	0.4	0.9
20117	1	0.8	1
295381	1	1	0.4
60005	1	0.9	0.1
99611	1	0.2	0.2
133272	1	0.9	0
107826	1	0.3	0.4
26821	0	1	0.2
113621	0	0.5	0.1
114269	1	0.7	0.5
93015	1	0.8	0.4
330326	1	0.2	0.3
254687	1	0.2	0.7
69608	0	0.8	0.1
123159	0	0	1
116722	1	0	0.9
15723	1	1	0.2
373218	1	0.9	0.4
176609	1	1	0.2
131505	1	0.3	0.8
362496	1	0.7	0.9
94191	1	0	0.2
95117	0	0	0
339654	0	0.1	0.9
329729	1	0.6	0.9
198732	0	0.8	0.4
416538	0	0.5	0.3
206783	0	0.8	0.5
59361	1	0.8	0.1
185293	1	0.5	0.9
128522	1	0.7	0.4
295613	1	0.9	0.8
101661	1	0	1
104696	1	0.7	0.9
89953	0	0.2	0.7
111896	0	0.3	0.7
71074	0	0	0.1
87050	1	0.1	0.5
295718	0	0.4	0.1
122466	1	0.3	0.2
26880	0	0.7	0.9
86230	0	0.9	0.4
329321	1	0	0.5
250739	1	0.2	0.3
150363	1	0.4	0.7
374986	0	0.6	0.3
209994	1	0.6	0
139664	0	0.4	0
281718	0	1	0.6
258667	1	1	0.3
75163	1	0.3	0.9
98017	1	0.6	0.5
97582	1	0.7	0.4
195506	0	0	0.2
302921	1	0	0
355818	0	1	0.2
297469	0	0.5	0.2
319359	1	1	0.9
121517	0	0.6	0.3
406496	1	1	0.8
371107	0	0.8	0.3
294222	0	0.2	0.7
114754	0	0	0.8
243701	1	0	0.2
234909	0	0.3	0.8
4419	0	0.4	0.4
221450	0	0	0.1
375021	0	0.7	0.6
385408	0	0	0.2
149136	0	0	0.9
39418	1	0.1	0.6
225206	0	0.4	1
37484	0	0.4	0.7
261893	0	0.8	0
108103	1	0.7	0.9
20337	1	1	0.8
26904	1	0.4	1
270143	0	0.4	0.9
14982	1	0.9	0.2
149833	1	0.8	0.1
118202	1	0.2	0.6
323932	1	0.7	0.8
274976	0	0.1	1
106984	0	0.2	0.6
277319	1	0.8	0.2
206920	0	0.7	0
147673	0	0.8	1
139514	1	0.6	0.3
66161	0	0.5	0.7
28630	0	0.5	0.5
32901	0	0.1	1
189098	1	0.3	0.6
210869	0	0	0
215855	0	0	0.3
132818	1	0.8	0.2
248805	0	0.3	0.3
363370	0	1	0.1
219256	1	0.4	0.1
263871	1	1	0.1
155177	1	0.9	1
111152	1	0.7	0.7
239877	0	0.3	0
75817	1	0.8	0.2
367748	1	0.4	0.4
11854	0	0.2	0
161860	1	0.6	0.2
7731	0	0.1	0.5
23470	0	0.8	0.9
140181	0	0.6	0
280533	0	0.4	0.1
187835	1	0.1	0.1
16251	1	0.8	0.2
377337	1	1	1
302250	1	0.9	1
33893	0	0.5	0.3
163238	1	0.8	1
140180	0	0	0.9
161954	0	0	0.4
54826	1	0.7	0.9
155020	0	0.3	0.7
52681	0	0	0.8
163865	0	0.5	0.5
161468	0	0	0.6
328937	1	0.8	1
288530	0	0.8	0.8
36431	1	0.7	0.7
376352	0	0.6	0.8
192407	1	0.2	0.1
296828	1	0.8	1
163952	1	0.3	0.6
287906	0	0.6	0.3
43671	0	0.1	0.5
32619	0	0.7	0.1
320160	0	0.5	0.6
409673	1	0.8	1
159309	0	0.4	0.3
344527	0	1	0.7
262114	1	0	0.3
267863	1	0.7	0.2
22946	1	0.1	0.1
247044	0	0.8	0.2
67313	0	0.8	0.8
22699	1	0.4	0.3
46782	1	1	0.5
384218	0	0.3	0.2
144125	0	0.6	0.6
31225	0	0.7	0.7
166093	0	0.6	0.3
11546	1	0.9	0.2
154962	1	0.1	0.7
42092	1	0.1	0
37895	0	0.3	0.7
108539	0	0.5	0.1
55333	0	0	0.5
181864	0	0	0.1
198300	1	0.4	0.2
130252	1	0.5	0.3
145398	1	1	0.3
414459	0	1	0.2
28340	0	0	0
36113	0	0.6	0
286867	0	0.4	0.4
17616	1	0.7	0.2
394970	0	0.8	0.1
128882	1	0.6	0.2
214511	1	1	0.7
234039	0	0.7	1
126455	1	0.8	0.6
209005	0	0.4	0.5
197266	1	0.7	0.9
303872	1	0.5	0.8
128458	0	0.6	0.6
132149	0	0	0.6
334771	1	0.4	0.3
128332	1	0.1	0.7
255428	1	0.3	0
308337	0	0.2	0.3
176149	1	0.2	0.7
30839	1	0.2	0.5
127759	1	0.9	0.4
295266	1	1	0
290791	0	1	0.3
70062	1	0.2	0.4
158596	1	0.3	0.4
149732	0	0.4	0.1
111693	0	0.2	0.1
235929	1	0	0.6
114749	1	0.9	0.7
389060	0	0.7	0.4
241770	0	0.6	0
43202	1	1	0.8
74718	0	0.7	0.7
116889	0	0.1	0.2
338381	0	0.9	0.7
126112	1	0.8	0.1
30685	1	0.2	0.3
54646	0	0.4	1
87621	1	0	0.8
406565	1	0	0.7
130064	1	0.5	0.5
114981	0	0.8	0
131716	1	0.7	0
243353	1	0.7	0.8
250192	1	0	0.1
95708	1	0.9	0.4
279742	0	1	0
197832	0	0.9	0.8
219017	1	0.2	0.1
29114	1	0.8	0.9
251699	1	0	0.1
13419	1	0.1	0.9
296718	0	0.7	1
321017	0	0.6	0.6
188265	1	0.3	0.3
402355	0	0.4	0.3
225453	0	0	0.5
70331	0	0.3	0.6
219394	0	0.6	0.7
137847	1	0.2	0.6
30375	0	0.9	0.9
194822	0	0	0.3
112165	0	0.9	0.3
78886	0	0.9	1
154359	1	0.1	0.2
81039	1	1	0.3
6823	1	0.9	0.3
330154	0	0.3	0.3
218933	1	0.8	0.6
69077	1	0.2	0.1
148135	1	1	0.6
243321	0	0	0.1
189143	0	0	0.3
11506	1	0.2	0.6
162414	1	1	1
400036	1	0.8	0.9
36030	0	0.3	0.1
96500	1	0.7	0.8
55028	1	0.7	0.5
60523	0	0.2	0
332345	1	1	0.6
202642	1	0.9	0.2
403953	0	0.2	0.3
41715	0	1	1
248132	0	0.9	0.3
158312	1	0.3	0.7
406675	1	0.6	0.6
80241	0	0.9	0.2
330427	0	0.3	0.3
5332	1	0.9	1
27838	0	0.4	0.6
94729	0	0	1
68483	1	0.1	0.9
384141	1	0.2	0.8
260127	0	0.2	0.2
337402	0	1	0.3
196413	0	0.9	0
125600	0	0.2	0.5
297184	1	1	1
96377	0	0.2	0.8
208221	1	1	1
121949	1	0.4	1
218943	1	0.1	0.2
60499	1	1	1
330418	0	0.4	0.2
1078	1	0.7	0
69977	1	0.9	0.7
193653	0	0.1	0.6
120950	0	0.9	0.1
395158	1	0.5	0.4
184693	0	0.7	0.6
359345	0	0	0
84872	1	0.3	0.8
90530	1	0.4	1
347997	1	0.8	0
269350	1	0.1	0.3
218002	1	0.1	0.6
289871	1	0.9	1
76113	0	0.7	0.9
109205	0	0.5	0
321920	0	0.5	0.4
163406	1	0.9	0.9
368757	1	1	0.8
131531	0	0.1	0.7
68435	0	0.8	0.4
270004	1	0.4	0.8
326820	0	0.7	1
326375	0	0.5	0
208506	0	0.1	0.6
153629	0	0.9	0
22026	1	0.4	0.7
289580	1	0.2	0
277125	0	0.5	0.9
72000	1	0.6	0
375855	1	0.4	0.3
307329	0	0.8	0.5
34144	1	0.4	0.4
146065	0	0.2	0.8
88068	0	0.3	0.9
56420	1	0.6	1
236239	1	0.7	0.5
60587	1	0.6	0.8
57110	0	0.7	0.6
17129	1	0.5	0.7
288350	1	1	0.1
110659	0	0.4	1
42431	0	0	0.1
108102	0	0.2	0.8
144780	1	0.7	0.7
168162	0	0.2	0.8
132155	0	0.9	0.1
102613	0	0	0.4
316196	1	0.8	0.6
293240	1	0.6	0
156133	0	0.1	0
15072	1	1	0.6
116214	0	0.4	0.9
270671	1	0.2	0.3
289790	1	0.4	1
28994	1	0.2	0.7
92709	1	0.9	0.7
183803	0	0.6	0.4
396100	1	0.1	1
118671	0	0.3	0.6
30001	0	0	0.2
75141	0	0.1	0.3
238147	1	0.3	1
222239	0	1	0.5
149455	0	0.2	0
304018	0	0.7	0.7
321649	0	0.5	0.5
177428	1	0.3	0.8
172156	1	0.6	1
372950	1	0.7	0.1
99380	0	0.7	1
44244	0	0.3	0.6
13003	1	0.9	1
82915	0	0.4	0.1
193809	0	0.2	0.2
196892	1	1	0.3
56273	0	0.7	0.2
263212	0	0.4	0.1
419574	1	0.4	0.7
262614	0	0.1	0.1
391350	1	0.3	0.1
400661	0	1	0.6
164373	0	0.5	0
68789	1	0.8	1
112522	1	0	0.5
52142	0	0.6	0.4
66054	0	0.3	0.5
191993	0	0.6	0.8
232877	0	0.8	0.7
290498	0	0.1	0
171169	0	0.4	0.4
1264	0	1	0.8
416017	1	0.7	0.1
218024	0	0.6	0.1
84310	1	0.3	0.1
73905	1	0.4	0.6
212964	0	0.4	0.9
291081	0	0.9	0.2
139054	0	0.4	0.9
92841	1	0.7	1
84200	1	0.6	0.6
17168	1	0.9	0.7
108273	0	0.7	0.6
344297	1	0.7	0
164351	1	0.2	0.5
294573	1	1	0.8
286927	0	0.7	0.4
160260	0	0.7	0.8
50693	1	0.4	0.7
256546	1	1	0.6
351857	1	0.3	0.1
307586	0	0.4	0.6
340871	0	0.3	0.8
93276	0	0.2	0.9
165607	0	0.8	0.7
257467	0	0.3	0.1
217430	0	1	0.3
261300	0	0.7	0.2
170498	1	0.8	0.6
150032	1	0.7	0.4
326240	1	1	0.5
225722	0	0.7	0.7
87750	0	0.4	0.6
107515	1	0.1	0.2
239878	0	0.9	0.8
145439	1	0.3	0.1
21719	0	0.1	0.8
223587	1	0.4	0.3
184968	0	0.7	0.5
298649	0	0.2	0.4
57189	0	0.4	1
164077	1	0.4	0.7
231839	0	0.2	0.2
104167	0	1	0
131486	0	0.1	0.7
129586	1	0.2	0.9
117153	0	0.5	0.2
333187	0	1	0.7
398238	1	0.8	0.5
370313	0	1	0.2
5090	0	0.9	1
90905	1	0.6	0.3
107365	1	0.3	0.4
197264	0	0.2	0.4
48169	1	0.3	0.8
279733	0	1	0.6
51375	1	0.9	0.6
189866	1	0.9	0.7
78813	1	0.3	0.3
299328	1	0.4	0.7
40797	0	0.3	0.5
125987	1	0.6	0
182027	1	0.8	0.5
136376	0	0.6	0.6
119572	1	0.9	0.8
28275	0	0.1	0.9
30261	0	0.6	0.9
33705	0	0.5	0.2
53645	1	0.4	0.6
192201	1	1	0.2
418907	0	0.2	0.6
337324	0	0	0.9
103304	1	0.6	0.3
23206	0	0.6	0.4
275467	0	1	0.2
406197	1	0	0.3
390794	0	0.5	0.2
66684	1	0.8	0.6
134840	1	0.5	1
46912	0	1	1
42626	0	0.3	0.7
235667	1	0.5	0.1
111247	0	0.9	0.8
47123	0	1	0
186918	1	0.9	0
89102	0	0.2	0.2
201993	0	0.8	0.5
15145	0	0.9	0
53507	1	0.8	0
289418	0	0.2	0.9
213550	1	0.1	0.1
181781	1	0.7	0.6
155161	0	0.5	0.9
413748	1	0.6	0.1
315850	0	0.7	1
193190	0	0.9	0.3
290216	0	0	0.8
328602	0	0.2	0.9
226411	1	0.2	0.7
151834	1	0	0
150529	1	0.2	0.7
152434	0	0.8	0.4
8049	0	0.8	0.5
158112	0	0.3	0.6
235319	0	0	0.9
151147	0	0.3	0.7
258065	1	0.7	0
379658	0	0	0.2
406405	0	0.4	0.8
209612	0	0.2	1
53809	0	0.4	0.3
86700	0	0	0.9
194963	0	0.2	0.6
262374	1	0.6	0.9
352442	1	0.1	0.5
27228	0	0.2	0.2
62442	1	0.8	0.6
143852	1	0.7	0.8
246692	0	0	0.4
134194	0	0	0.3
105974	1	0.4	0.1
388471	1	0.3	0.4
114526	1	0.9	0.1
50252	0	0.5	0.4
294108	0	0.1	0.5
125157	1	0.6	0.5
279033	1	0.8	0.9
17929	1	0.3	1
50403	0	0.4	0
240603	0	0.6	0
288236	1	0.6	0.4
11474	1	0.6	0
112682	1	0	1
174571	0	0.3	0.9
329994	1	0.3	0.6
62222	1	0.4	0.7
270634	0	0.4	0.5
46616	1	0.5	0.5
269360	0	0.4	1
206790	0	0.9	0.4
66221	0	0.1	0.8
111771	1	0.9	0.8
60213	1	0.8	0
168749	0	0.1	0.2
74728	1	0	0.5
337763	0	0.5	0.9
78824	0	0.8	0.6
184919	1	0.2	0.2
266959	1	0.7	0.7
70226	1	0.2	0.7
31299	0	0.8	0.7
249350	0	0.5	0.9
190926	0	0.5	0.6
38647	1	0.8	1
55417	1	0.3	0.6
307434	0	1	0.4
38006	0	0.4	0.7
169935	1	0.1	0.9
151951	1	0.1	0.5
262504	0	0.9	0.4
52834	0	0.9	0.9
287162	1	0.6	0.4
163569	0	0.2	0.3
334243	1	0.6	0.2
67082	0	0.1	0.9
378115	0	0.9	0
360281	1	0.8	0.6
44726	0	0.5	1
85171	1	0.1	0.6
278607	1	0.5	0.8
115923	0	0.5	0.6
237222	1	0	0.1
86385	0	0.1	0.5
333902	0	0.9	0
34313	1	0.1	0.6
170081	0	1	0.3
11751	0	0.7	0.1
78331	1	0	0.2
247610	1	0.4	0.2
346902	0	0.8	0.6
371435	0	0	1
345175	1	0.9	0.1
238390	1	0.2	0.6
322109	1	0.1	0.3
128094	1	0.7	0.1
110244	0	0.7	0.2
68532	0	0.3	1
106061	1	0.6	0.6
306586	0	0.3	0.1
153866	1	0.9	0.5
421145	0	0.3	0.1
250444	0	0.1	0.6
383240	0	0.4	0.8
154268	0	0	0
87434	1	0.3	0.1
72049	0	0.3	0.4
146503	0	0.6	0.3
135290	1	0.5	0.8
229602	0	0.5	0.8
372607	0	0.4	0.3
212803	1	0.6	1
190002	0	0.1	0
44911	1	1	0.2
80685	1	0.6	0.3
201717	1	0.5	0.8
5121	1	0.3	0.6
132528	0	0.9	0.5
166784	0	0.2	1
421877	0	0.2	0.8
87794	1	0.9	0.7
293755	1	0.8	0.5
388288	1	0.1	0.8
256808	1	0.3	0.7
45461	0	1	0.4
203786	0	0.8	0.8
177921	1	0	0.8
260146	0	0.1	0
265763	0	0.2	0.5
270445	0	0.8	0.6
164949	1	0.4	0.1
149720	1	0.3	1
338833	0	0.8	0.1
125796	1	0.3	0.9
146685	0	0.7	0.2
227032	0	0.8	0
269114	1	0.1	0.4
135449	1	0.9	0.1
306875	1	0.1	0.3
78424	0	0.9	0
391934	0	0	0.4
365155	1	0.1	0.3
116338	0	0.1	0.9
286463	0	0.1	0.9
306278	0	0.8	1
112768	0	0.2	1
38570	1	0.1	0.4
47534	0	0	0.6
412005	1	0	1
279511	0	0.4	0
102703	0	1	0.9
267609	0	0.1	0.1
76808	1	0.7	0.9
124917	1	0.1	0
262850	1	0.8	0.7
241904	0	0.7	0.4
97041	1	0.6	0.5
319283	1	0.7	0
90951	0	0.1	1
321066	0	0	0.7
281193	1	1	0.4
259614	0	0.2	0.8
151208	0	0.1	0.2
366237	0	0.7	0.5
286429	1	0.4	0.2
19036	0	0.3	0.8
41048	1	0	1
415929	1	0	0.4
61571	1	0.3	0.3
210477	0	1	0.1
323134	1	1	0.9
146326	1	0	0.7
241514	1	0.1	0.3
113209	0	0.6	0.7
252543	1	0	0.9
192973	0	1	0.9
320386	1	0.6	0.6
25572	1	0.1	0.6
59032	0	0.5	0.3
209671	0	1	0.9
217594	1	0.7	0.8
153951	1	0.8	0
183193	0	0.5	0
222812	0	0.7	0.9
369181	0	0.3	0.2
341570	0	0.8	0.1
103755	0	0.7	0.7
164274	1	0.7	0.6
280367	0	0.2	0.4
24075	0	0	0.7
116193	0	0.2	1
165569	1	0.2	0.8
163744	0	1	0.3
90100	1	0.1	0.6
213874	1	0.5	0.1
142585	1	0	0.2
55048	0	0.2	0.9
120800	1	1	0.7
359204	1	1	0.4
135557	1	0.4	0.6
390429	0	0.8	0.8
327937	0	0.7	1
90531	1	0.6	0.3
407486	0	0.1	0.5
178989	0	0.5	1
20113	0	0.7	0.8
346048	0	0.3	0.5
58934	1	0.6	0.9
260431	1	0.6	0.1
206707	1	0.9	0.9
84816	0	0.7	1
212568	1	0.1	0.4
157934	1	0.2	0.7
87803	0	0	0
161814	0	0.2	0.8
84641	0	0.8	0.4
303121	1	0.5	0.9
288000	0	0.2	0.1
417082	0	0.7	0.7
118662	1	0.1	0.4
261452	1	0.5	0.6
50621	1	0.3	0.5
219721	0	0.9	0.9
92514	0	0.2	0
160129	0	0.9	0.5
106710	0	0.2	0.5
240692	1	0.7	0.5
420196	0	0.9	0.9
138065	0	0.8	0.1
154031	1	0.6	0.7
120464	1	0.5	0.3
207481	1	0.9	0.8
31797	0	0.9	0
214101	1	0.2	0
263239	0	0.9	0.4
54977	1	0.1	0.4
404637	1	0.3	0.8
178145	1	1	0
156338	0	0.9	0.9
146704	0	0	0.1
199655	0	0.5	0.5
255910	0	0.6	0.5
100514	1	0.9	1
263695	1	0.6	0.7
266809	1	0.9	0
387184	1	0.7	0.5
395037	0	1	0.5
80449	1	0.6	0.7
244672	1	0.3	0.4
59527	0	0.9	0.8
362796	0	0.3	0.6
20152	1	0.5	1
82979	0	0.9	0.2
363831	0	0.4	0.2
193973	1	0.7	0.7
23214	1	0.5	0.9
45153	1	0.9	0.1
266765	0	1	0.1
37862	0	0.7	0.9
130857	1	0	0.7
362665	1	0.9	0.4
161697	1	1	0.5
73970	1	0.2	0.8
323189	1	0.6	0.5
248823	0	0.3	0.5
189525	0	0.2	0.6
53607	1	0.5	0.6
136119	0	0.1	0.5
167732	1	0.3	0.3
328995	0	1	1
117094	1	0.4	0.7
363609	0	0.2	1
262094	1	0.5	0.1
210568	0	0.3	0.5
29015	0	0.1	1
130498	0	0.6	0.1
50056	1	0	0.6
98231	1	0.5	1
303704	0	0.1	0
87443	0	0.8	0
392709	1	0.6	0.4
158431	0	0.6	0.6
388576	1	0.1	0.7
273409	1	0.8	0.9
66596	1	0	0.3
380041	1	0.1	0.5
110575	0	0.9	0.8
124173	0	0.3	0.3
2709	0	0.7	0.3
390223	1	0.8	0.5
235554	1	0.4	0.9
81398	1	1	0.6
352417	1	0	0.5
105513	1	0.6	0.8
316575	1	0.6	0.8
189700	1	1	0.4
44753	0	0.7	0.8
103669	0	0.6	0
161659	1	0.4	0.1
286455	0	0.8	0.8
292755	0	0.9	0.4
240912	0	1	0.7
