13360	0	0.5	0.4
192080	1	0.2	0
128198	1	0.6	1
402013	0	0.9	1
96787	0	0	0.6
111034	1	0.4	0.6
197144	1	0.7	0.4
314262	0	0.5	0.8
331564	0	0.4	1
29120	0	0.1	0.8
327578	1	0.4	0.8
218257	1	0.7	0.2
287396	1	0.1	0.7
112526	0	0.7	0.8
90423	1	0.7	0.4
175618	1	0	0.7
164194	0	0	0.4
193576	0	0.9	0.4
172880	0	0.9	0.9
303776	1	0.2	0.1
137217	0	0.9	0.2
365591	0	0.4	0
406566	1	0.2	0
180292	1	0.1	0.8
297274	1	0.4	0.7
47935	0	0.3	0.4
26646	1	1	0
270774	1	0.1	0.8
344807	1	0.1	0.9
177542	0	1	0.7
23140	0	0.4	0.1
130726	0	0.3	0.9
407801	0	0.6	0.2
420897	1	1	1
125862	0	1	1
167644	0	0.4	0.2
402697	0	0.2	1
378364	0	0.9	0.8
363254	1	0.5	0.2
361595	0	0	0.1
233501	0	0.4	0.2
340176	1	0.9	0.7
5112	0	0	0.5
198070	1	0.8	0.3
30049	1	0.7	0.3
103860	0	0.4	0.1
286415	1	0.6	0.2
125271	0	0	0.6
373645	1	0	0.9
117759	1	0.9	1
167481	0	0.6	0.9
163848	0	0.7	0.1
33797	1	0.5	1
248084	0	1	0.6
311553	0	1	0.6
264749	0	0.6	0.5
159343	0	0.9	0.7
146732	1	1	0.7
86395	1	0	0.9
190574	0	0.2	0.1
66787	0	0.1	0.9
146804	0	0.8	1
54827	0	0.3	0.8
343577	1	0.3	0.1
306235	0	0.1	0.7
30985	1	0.5	0.6
79310	0	0.1	0.6
343766	0	0.8	1
191275	1	0.9	0
100143	0	0	1
151935	1	1	0.7
117547	0	0.4	0.5
230108	0	0.9	0.4
128861	0	0	0.4
250870	1	0	0.4
20109	1	0.1	0.9
388110	1	0.6	0.4
328054	0	0.2	0.1
234273	0	0.7	1
233749	1	1	0.1
114976	1	0.7	0.4
338052	0	0	0.6
364419	1	0.8	0.6
191328	0	0.3	1
161856	1	0.6	0.5
133739	1	0	0.2
151686	1	0.9	0.7
270578	1	0.6	0.1
123164	0	0.3	0.2
211236	0	0.4	0.9
372584	0	0.6	0
70501	1	0.9	1
205256	0	0.8	0.8
287190	0	1	0
327457	0	0.6	0.7
302399	0	0	0.9
114757	1	0.4	1
40086	0	0	1
361147	0	0.2	1
163172	0	0.3	0.7
41098	0	0.5	0.1
50176	1	0.1	0.7
368814	1	1	0.2
164848	0	0.4	0.1
67861	1	0.3	0.2
272890	1	0.1	0.5
175208	0	0.9	0.9
207745	0	0.6	0
300548	0	0.3	0.3
380395	1	0.7	0.8
70448	1	0.2	1
82944	1	0.2	0.8
229251	0	0.9	0.7
183106	0	0.5	0.8
79920	1	0.4	0.6
419320	1	0.1	0.3
286162	0	0.1	0.4
215644	1	0.1	0.9
79409	1	0	1
11756	1	0.1	0.5
275142	0	0.3	0
116313	0	0.1	0.1
118879	0	0.9	0.5
250656	1	0.1	0.9
52360	1	0.7	0.1
153137	1	0.8	0.6
23588	1	0.9	0.8
405340	0	0	0
407832	1	0.5	0.1
227041	1	0.4	0.7
262281	1	0.3	0.5
288486	0	0.2	0.2
32192	0	0.8	0.3
338193	1	0.8	0.2
241331	1	0.1	0.6
111964	0	0.8	0.1
54924	1	0.5	0.5
409871	1	0.8	1
325287	1	0.2	0.8
181367	0	0.8	0
115191	0	0.4	1
21685	0	0.6	0.4
353577	1	0.9	0.4
42648	1	0.1	0.9
212487	1	0.6	0
287357	0	0.9	0.2
9293	1	0	0
378991	0	0.3	0.5
206433	0	0.7	0.5
332468	0	0.1	0.7
209346	0	0.4	0.2
168423	1	0	0.1
265792	0	0.1	0.1
190471	0	0	0.8
95169	0	0.3	0.1
197952	1	0.6	0.9
242885	0	0.2	0.8
88071	0	0.9	0.2
265815	0	0.4	0.8
261545	0	0.8	0.8
36481	1	0.3	0.6
137344	0	0.3	0.7
231749	1	0.3	1
319250	0	0.4	1
149771	0	0.8	0.2
259234	1	0.7	0.9
205831	0	0.7	0.8
325611	1	0.5	0
272411	1	0.7	0.7
388870	1	0	0.6
363250	0	0.8	0.9
154243	1	0.5	0.3
303071	1	0.9	0.2
54168	1	0.4	0.1
81908	0	1	0.1
337239	0	0.7	0.5
364719	1	1	0.9
36760	1	0.6	0
101296	0	0.9	0.4
327101	0	0	0.9
138794	1	0	1
211400	1	0.7	0.1
403668	0	0.3	0.6
239450	1	0.4	0.8
193404	1	0.9	0.3
401346	0	0.4	0.2
264217	1	0.8	0.8
57802	0	0.9	0.2
78406	1	1	0.8
359721	0	0.5	0.7
172213	0	0.2	0.5
118797	0	0.9	0.3
310239	0	0.7	0.9
95300	1	0.2	0.3
300271	1	1	0.1
131932	0	0	0.7
365986	1	0.9	0.1
207371	1	0.8	0.3
293506	0	0.7	1
40524	0	0.7	1
298317	1	0.8	0.8
363628	0	0.1	0.2
193276	0	0.7	0.4
218672	0	0.9	0.2
124039	0	0.1	0.6
76126	1	0.2	0.6
299625	0	0.8	1
359819	1	0.6	0.3
101631	1	1	0.6
198518	0	0.4	0.8
306685	1	0.7	0.9
97085	1	0	1
190740	1	0.7	0.3
40164	0	0.4	0.7
99158	1	0.1	0.1
30259	1	0.2	0.4
10022	0	0.6	1
68900	0	0.7	1
22633	1	0.2	0.8
170759	1	0.9	1
289531	0	0.4	0.6
218455	1	1	1
346594	1	0.2	0.4
58918	1	0.4	0.8
191960	1	0.9	0.2
353748	0	0.1	0.2
295035	0	0.9	0.7
155968	0	0.6	0.5
10105	0	0.5	0
37295	0	0.1	0.5
5715	0	0.8	0.4
141420	1	0.6	0.8
294822	0	0.3	0.1
280521	1	0.5	1
375949	0	0.6	0.5
66159	1	0	0.3
309511	0	1	0.7
417518	1	0.9	0.5
127507	1	0.9	0.9
397392	1	0	0.5
17489	0	0.5	0.3
22780	1	1	0.5
43471	1	0.7	0.3
89461	0	0.8	0.6
56084	0	1	0.3
265282	1	0	0
202827	0	0.8	0.8
241312	0	0.8	0.4
164062	0	0.3	0.9
112118	1	0.2	0.5
12221	0	0.6	0.4
162351	0	0.3	0
190660	1	0.7	0.3
369175	0	0.7	0.4
52142	0	0.6	0.4
101630	1	0	0.1
188506	0	0.1	0
5572	0	0.2	0.9
322333	1	0	0
279960	1	0.6	0.9
130874	1	0.9	0.5
180225	0	0.2	1
146596	0	0.7	0.5
35884	0	0.6	0.9
48112	0	0.3	0.3
386096	0	0.5	1
343914	1	0.4	0.4
248451	1	0.7	0.7
107591	0	0.3	0.9
139541	1	0.6	0.4
263781	1	0.3	0.3
38180	1	0.1	0.9
194135	1	1	0.1
355560	1	0.6	0.4
161609	1	0.8	0.6
146319	1	0.1	1
171109	0	0.4	0.8
169340	0	0.6	0.8
332687	1	0.7	0.5
321215	0	0.7	0
311261	1	0.9	0.1
201080	1	0.7	1
254525	1	1	1
162940	1	0.8	0
168115	0	0.5	0.7
212962	1	0.5	0.5
360618	0	0.2	0.1
352382	0	0.5	0.3
324657	1	0.2	0.7
151894	1	0	0.3
101373	1	0.9	0.6
181621	0	0.3	0.3
30952	0	0.3	0.4
189616	1	0.7	0.7
72440	1	0.2	0.9
125553	1	0	0.7
297068	0	0.7	0.1
89313	1	0	0.1
127993	0	0.5	0.8
20220	0	1	0.5
337149	1	0.8	0.4
286453	0	1	0.6
268251	0	0.1	0.5
277916	0	0.8	0.2
161206	1	1	0.9
134740	0	0.1	0.9
102101	1	0.8	0.6
360662	1	0.1	0.6
191665	0	0.9	0.4
24820	1	0.4	0.9
388560	1	0.7	1
130249	1	0.1	0.2
413066	0	0.7	0.8
141752	0	0	0
28637	1	0.1	0.9
243956	0	0.9	0.3
156194	1	0.3	0.7
128045	1	0	0
232276	0	0.1	0.3
386273	0	0.2	0.8
409788	0	0.7	0.1
164096	1	0.3	0.3
58818	0	0.4	0.1
190282	0	0	1
72870	1	0.5	0.4
81258	0	0.4	0.8
80357	0	0.9	0.7
125097	0	0.6	0.2
394680	1	0.2	0.4
70420	1	0.3	0.6
11114	0	0.8	0.3
72013	0	0.9	0.9
40226	1	0.4	0
275124	1	0.3	0.4
342264	0	0	0
291419	1	0	0.9
144412	0	0.4	0
168168	1	0.2	0.1
34813	0	0.6	0.6
131229	0	0.8	0.7
379263	1	0.8	0.8
231453	1	0.8	1
65036	1	0	0.9
32604	1	0.5	0.2
164147	1	0.7	0.3
273749	1	0.3	0.1
343958	1	0.2	0.9
176716	1	0	0.2
117104	1	1	0.1
20320	1	1	0.2
218330	1	0.1	0.3
268647	0	0.5	0.2
90677	1	1	0.6
389559	1	0.9	0.2
64034	0	0.7	0
150228	0	0.1	0.2
236805	0	0.7	0.9
299005	0	0.1	0.2
71545	1	0.5	0.5
128863	0	0	0.6
76741	1	0.4	0.6
32599	0	0.2	1
204387	1	1	0.4
409246	1	0.5	1
27803	0	0.1	0.2
88158	1	1	0.9
111554	0	0.9	0.4
259737	0	0.8	0.6
337675	0	0.7	0.4
93021	1	0.1	0.4
116075	0	0.5	1
20089	1	0.4	0
120021	1	0.5	0.8
272843	1	0.3	0.2
299036	1	0	1
23479	0	0.8	0.1
230342	0	0.8	0
209055	0	1	1
189544	1	0	0
29544	0	0.8	0.4
325932	1	0.4	0.9
251767	0	1	0.3
177764	1	0.8	0.1
403819	1	0.6	0.3
325432	1	0.9	0.1
95132	0	0.7	0.1
318884	0	0.2	0.7
99594	1	0	0.5
92056	0	0	0.7
89475	0	0.9	0.5
107846	0	0.7	0.1
103484	1	0.7	1
61577	0	0.7	0.2
396450	0	0	0.2
167370	1	0.5	0.4
70980	1	0.4	0.4
177950	0	0.8	0.9
319168	0	0	0.3
311390	0	0.8	0
345987	0	0	0.1
161443	1	0.4	0.8
360851	0	0.9	0.3
173556	0	0.4	0.1
194810	0	0.9	0.7
176064	1	0.1	1
97487	1	1	0.3
126872	0	1	0
32403	0	0.9	0.1
375047	1	0.6	0.9
75309	1	0.1	0.5
193379	1	0	1
296226	0	0.9	0
1951	1	0.7	0.4
8808	1	0.4	0.1
190584	0	0.3	0.8
147261	0	0.4	0
139590	0	0.8	1
120363	0	0.7	0.1
330864	0	0.4	0.7
307486	1	0.1	0.1
341783	0	0.3	0.3
88122	1	0.9	0.8
305186	0	0.2	0.4
277367	1	0.2	0
129474	0	0.6	0.5
135393	1	0.7	0.2
217913	1	0.6	1
4968	0	0.8	0.9
113418	1	0.9	0.7
219433	0	0	0.1
335001	0	0.7	0.4
241285	1	0.7	0.9
328250	0	0.1	0.6
371503	1	0	0.1
107009	0	0.1	0.6
66182	1	0.4	0.3
98459	1	0.2	0.9
303341	1	0.4	0.2
111752	0	1	0.8
275536	0	0.2	0.7
57783	1	0.4	0.8
250071	1	0.5	1
259021	1	1	0.2
141267	1	0.1	0.1
18079	1	0.7	0.6
270802	1	0.2	0.8
127384	0	0.9	0.9
206148	0	0.9	0.8
92416	0	0.9	0.4
76634	0	0.5	0.7
232204	1	0.6	0.7
322670	0	0.2	0.3
101083	1	0.7	0.3
53899	1	0.3	0.1
386484	1	0.2	0.1
365162	0	0.7	1
113460	1	0.3	0.1
13495	0	0.2	0.3
101376	0	0.3	0.7
364547	0	0.3	0
209088	0	0.5	0.4
321189	1	0.4	0.3
207794	0	0.1	0.3
37553	0	0.6	0.4
234385	1	0.9	0.6
333821	1	0.7	0.5
255892	1	0	0.8
22570	0	1	0.9
157605	1	0.2	0.1
221400	0	0.6	0.6
95571	1	0.6	0
45183	1	0.3	0
14294	1	0.6	0
248304	1	0.7	0.1
327132	0	0	0.8
208171	1	0	0.3
185792	1	0.5	0.8
45378	1	0.6	0.2
332967	0	0.1	0.8
270818	1	0	0
219874	0	0.4	0.8
387785	1	0.6	0.5
132414	1	0.7	0.8
21209	1	0.1	0.6
280608	0	0.8	1
78450	0	0.2	0.9
300315	1	0.6	0.1
65298	0	0.4	0.6
191077	1	0.5	0
75959	1	0.2	0.4
236234	1	0.1	0.1
409879	1	0	0.3
162557	0	0.8	0.9
171972	1	0.1	0.8
18990	0	0.9	1
20601	1	0.7	0.6
215171	1	0.5	0.3
221461	1	0.7	0.3
276066	0	0.3	1
206775	1	0.2	0.9
416154	1	0.6	0.6
246596	1	0	0.6
149887	0	0.3	0.9
79131	0	0.1	0.5
349570	0	0	0.4
159730	0	0.3	0.6
404749	0	0.7	0.7
171457	0	0.2	0.4
391797	1	0.9	0.7
11464	1	0.6	0.4
164604	1	0.1	1
300411	0	0.6	1
48262	0	0	0.8
234581	0	0.8	0.9
34197	0	0.2	0.4
168971	0	0.3	0.7
230571	0	0.8	0.7
146893	0	0.7	0.9
363362	0	0.8	0.9
133866	0	1	0.7
371416	0	0	0.3
2693	0	0.3	1
318384	1	0.8	0.3
1553	1	0.2	1
97411	1	0.6	0.7
8970	1	0.6	0.8
59345	1	0.2	0.7
155490	0	0.1	0.2
132910	0	0.9	0.5
87007	0	1	0.2
105914	0	0.3	0
13324	1	0.6	0.2
263821	1	0.4	1
285734	0	0.6	1
403947	0	0.2	0.7
259613	1	0.2	0.8
118213	0	1	1
385320	0	0.9	0.3
371275	1	0.7	0.9
304693	0	0.9	0.8
407089	0	0.4	0.1
289318	0	0.5	0.6
64976	1	0	0.8
56624	1	0.8	0.5
338829	0	0.4	0.7
207617	1	0.1	1
406933	0	0.6	0.3
282184	0	0.1	0
242069	1	0.7	0.9
182807	0	0	1
234043	0	0.7	0.4
395540	0	0.6	1
164121	0	1	0.2
264862	1	0.2	0.7
330918	1	0.3	0.3
160437	0	0.2	0.4
212874	1	0.5	0.6
147547	0	0	0
362327	1	0.1	0.1
27829	0	0.7	0.1
403656	1	0.8	0.4
149374	0	0.6	0
175501	0	0.1	0.7
293191	1	0.5	0.4
132505	1	0.3	0.3
226725	0	0.8	0.7
93996	1	0.4	0.7
26722	0	1	0.3
247789	0	0.4	0.6
380124	0	0.9	0.6
342619	1	0	1
337260	1	0.3	0.5
334408	1	0	0.4
219770	0	0.7	0.1
52776	1	1	0.4
318781	1	0.4	0.8
232030	1	0.5	0
204612	0	0	0.8
319247	1	1	0.6
59151	0	0	1
255809	0	0.4	0.5
333319	1	0.3	1
96663	0	0.8	0.7
251911	1	0.5	0.1
207917	0	0.7	0.4
180498	1	0.4	0.5
87137	1	0.7	0.7
263757	0	0.5	1
90986	1	0.2	0.8
385880	0	1	0.2
363713	1	1	0.5
33307	0	0.9	0.9
223314	1	0.8	0.8
270407	0	0.2	0.4
85201	0	0.2	1
245483	0	0.4	0.5
291050	1	0.5	0.3
334090	0	0.2	0.2
77072	0	0.9	0.7
377644	0	0.9	0.1
78896	0	0.1	0.7
15124	1	0.5	0
314429	1	0.8	0.5
385685	1	0.6	0.4
350701	0	0.7	0
87111	1	0.3	0.5
364671	0	0.3	0.1
327780	1	0.8	1
329481	1	0.8	0.3
74076	1	0.4	0.8
254667	0	0	0.8
98889	0	0.9	0
218993	0	0.1	0.8
155632	0	0.6	0.5
207514	0	1	0.5
400861	1	0.1	0.3
230506	1	0.8	0.4
412973	0	0.3	0
250480	0	0.1	0.9
268486	1	0.6	0.2
113966	0	1	0.2
112182	1	0.5	0.9
275168	1	0.5	0.5
51158	1	0.1	0
263109	1	0.1	0.9
200056	0	0.8	0.9
71122	0	0.3	0.9
246883	1	0.6	1
44417	1	0.3	0.3
224296	1	0.2	0.2
181699	0	1	0.1
131865	0	0.8	0.1
37876	1	0.6	0.1
26727	0	0.8	0.1
116702	1	0.3	0.2
159839	1	0.4	0.4
78280	0	0.9	0.1
262130	0	0.4	1
210237	1	0.2	0.2
13669	0	0.1	0.4
8836	1	0.6	0.4
34384	1	1	0.6
277468	0	0	0.1
43671	0	0.1	0.5
23402	0	0.7	0.3
116256	1	0.7	0.6
99779	1	0.3	0.9
341403	0	0	0.8
140060	1	0.8	0
84785	0	0.5	0
384820	0	0.3	0.7
69594	1	0	0.6
97271	0	0.6	1
155610	0	0.3	0.9
155128	1	0.6	0.1
314956	0	0.6	0.5
326406	1	0.8	0.5
322418	0	0.3	0.8
99978	0	1	0.4
39565	0	0.8	1
18685	0	0	0
179602	1	0.8	1
183536	1	1	0.2
197309	1	0.4	1
132305	1	0.1	0.4
404420	0	0	0.9
166793	1	0.4	0.3
207886	0	0.7	0
330118	1	0.6	0.1
298735	0	0	0.5
380879	1	0.3	0.9
265092	0	0.5	0.2
72540	0	0.7	1
118828	0	1	0.1
353018	0	0.8	0.1
244604	0	0.3	1
31657	1	0.4	0.6
61572	1	0.3	0.1
359230	1	0.7	0.9
209114	0	0.1	1
407778	1	0.6	0.6
282759	0	0.5	0.4
317552	1	0.5	0.9
257934	1	1	0.9
213820	1	0	0.6
228148	0	0.9	1
263439	1	0.7	0.3
386368	0	0.9	0.7
212987	1	1	0.3
215694	0	0.6	0.1
132873	0	0.8	0.7
282206	0	0.7	0
256604	0	0.1	0.5
262147	1	0	0.3
247163	1	0	0.1
244015	0	0.7	0.6
371168	0	0	0.7
77488	0	0.1	0.4
338689	0	0.3	0.6
395165	0	0.9	0.5
46230	1	0.3	0.2
71724	0	0.2	0.2
33486	1	0.4	0.6
168178	1	0.4	0.9
105529	1	0.5	0.3
22641	0	1	1
207111	1	0.3	0.6
322225	1	0.2	0.1
339280	1	0.3	0.8
302038	1	0.8	0.2
278656	1	0.4	0.6
184638	1	0.7	0.9
103612	0	0.1	0.6
163786	0	0.6	0.5
74872	1	0.1	0.6
423322	1	0.3	0.3
236412	0	0.3	0.5
5742	0	0.6	1
286007	1	0.2	0.9
21370	0	0.5	0.6
149446	0	1	0.4
145412	0	0	0.1
414679	0	0.1	0.9
292136	0	0.2	0.5
76670	1	0.8	0.4
46482	0	1	0.2
368578	1	1	0.5
148938	1	0.7	0.2
223274	0	0.4	0.2
417376	1	0.8	0.1
209144	0	0.9	0.8
67359	1	0.1	0.4
70382	0	0.4	0.9
39813	0	1	0.6
229611	0	0.8	0.9
120082	1	0.5	0.4
94565	0	0.2	0.6
798	0	0.7	0.2
374561	0	0.3	0.5
165717	0	0.2	0.7
58277	0	0.7	0.9
413069	0	0.1	0.6
130264	0	1	0.6
209669	1	0.9	1
233012	1	0.8	0.2
54054	1	0.1	0.1
290769	1	0.8	0.3
92813	1	0.6	0.8
232351	1	0.6	1
74152	0	0.6	0.6
165382	0	0.8	0.3
90541	1	0.8	0
41918	0	0.4	0.1
107687	1	0.3	0.4
343212	0	0.4	0.7
410734	0	0	1
208250	1	1	0.5
386057	1	0	0
107853	1	0.3	0.9
177135	1	0.2	0
60771	0	0	0.5
309110	0	0.1	0.1
251178	0	0.8	0.3
81426	0	1	1
153670	1	0.3	0.9
127646	1	0.2	0.4
272800	0	0.1	0.4
53645	1	0.4	0.6
181924	0	0.7	0.1
272929	1	0.3	0.6
77477	0	0.7	0.6
69145	1	0.4	0.7
384318	1	0.2	0.4
304843	1	0.9	0.9
179909	1	0.8	0.8
319003	1	0.1	0.6
26140	1	0.4	0.5
206910	0	1	0.9
253790	0	0.7	0.8
297726	1	0.3	0.4
160313	1	0.8	0.3
379971	1	0.9	0.8
276005	1	0.9	0.4
297803	1	0.4	0
328717	1	0.6	0.5
304975	1	0.4	0.3
186421	0	0.1	0.7
316635	0	0.9	0.8
336575	0	0.9	0.7
139859	0	0.7	0.7
401746	1	0.3	0.4
324565	1	0.1	0.9
87894	0	0.6	0
104453	1	0.3	0.1
16421	0	0.4	0.4
151219	1	0.6	0.7
23474	1	0.7	0.3
147847	0	1	0.7
204891	1	0.7	0.3
175388	1	0.4	0.3
146554	0	0.3	0.8
417657	1	0.6	0.4
294498	1	0.1	0.3
357244	1	0.3	0.6
411744	1	0.1	0
326402	0	0.6	1
388729	0	0.9	0.1
51628	0	0.3	0
76607	1	0.8	0.3
39142	1	0.4	0.9
263789	1	0.3	0.5
288841	1	0.7	1
136896	1	0.9	0.7
61351	0	0	1
327192	0	1	0.6
271294	1	0.7	0.7
43904	0	0.8	0.7
138695	1	0.6	0.3
354659	1	0.2	0.2
240962	1	0.6	0.8
386086	1	0.1	1
238815	1	0	0.3
19499	1	0.6	0.4
195458	0	0.2	1
168295	1	0.9	0.8
10156	0	0.5	0.4
25855	0	0.9	0.5
264297	1	0.2	1
342590	0	0.9	0.8
20156	1	0.7	1
81071	0	0.4	0.9
107876	0	0.4	0.2
359245	0	0	0.5
81545	0	0.7	0.3
286850	0	1	0.9
320287	1	0	0.9
227538	0	0.5	0.2
234467	0	0.8	0.4
194189	0	0.6	0.6
120211	1	0.4	0.8
386014	0	0.8	0.8
224438	1	0.4	0.5
334783	1	0.9	0.1
66866	1	0.7	1
116822	0	0.3	0.8
40145	1	0.1	0
333991	0	0.5	0.4
131809	0	0.8	0.6
368896	0	0.6	1
388781	1	0.3	0.6
88525	1	0	0.9
191784	1	0.8	0.6
183757	0	0.2	1
110723	0	0.4	0.1
198635	1	0.9	0
194548	0	0.7	0.4
158344	0	0.4	0
311852	1	0.5	0.7
109045	1	0.7	0.6
259408	1	0.5	0.8
208577	0	0.2	0
318290	1	0.8	0.4
288049	0	0.2	0.6
382456	1	0	0.8
291936	1	0.3	0.9
182682	0	0.6	0.7
78526	0	0.2	0.4
318447	0	0.4	0.1
264146	0	0.7	0.7
306858	1	0.2	1
60828	0	0.8	0.2
335988	1	0.1	0.2
330785	0	0.6	0.5
211719	1	0.8	0.6
237840	0	1	0.7
407503	0	0.4	0
341134	0	0.5	0.7
127918	0	0.9	0.2
241268	1	0.3	0.4
188368	1	0.1	0.4
114301	1	0.6	0
212338	0	1	0.3
155884	1	0.9	0.2
261427	1	0.9	0.5
377715	1	0.7	0.3
228322	0	0	0.7
97743	1	1	0.9
205673	1	0.7	0
269270	0	0.6	0.9
332194	0	0.4	0
71503	0	0	0.5
139571	0	0.7	1
234174	0	0.5	0
124016	0	0.4	0.5
199847	1	0	0
185856	0	0.9	0.5
153917	1	1	0.9
66084	0	0.9	0.9
304528	0	0.9	0
246176	0	0	0.2
147233	1	0.7	0.6
108532	0	0.9	0.9
204680	0	0.7	0.5
43648	1	1	0.7
120382	1	0.6	0.1
226455	1	0.7	0.3
253594	0	0	0.2
36644	1	0	0.7
2602	1	1	0
123490	0	0.3	0.2
13735	1	0.9	0.2
130994	0	0.6	0
42089	0	1	0.7
64657	1	0.2	0.4
281	0	0.1	1
83220	1	0	0.9
37497	0	0	0.5
323604	1	0.8	0.9
37700	0	0.7	1
76067	1	0.9	0.4
288234	0	1	0.4
412123	0	0.7	0.3
178482	1	0.6	0.3
385262	0	0.1	0.3
155456	0	0.7	0.1
239823	0	0.6	0.2
97570	1	1	0.9
248567	1	0.5	1
350960	1	0.8	0.8
320630	1	0.4	0.2
241009	1	0.9	0.5
323082	0	0.8	0.3
351012	1	0.6	0.3
65376	0	0.8	0.2
197312	1	1	0
368187	1	0.9	0.2
69821	1	0.7	0.5
219756	0	0.7	0.4
138402	0	0	0.7
61710	0	0.6	0.5
28420	0	0.3	0.6
40065	0	0.8	0.8
408433	0	0.4	0.7
358621	1	0	0.8
410306	1	0	0
419216	1	0.6	0.9
327540	0	0.3	0.4
260947	1	0.7	0.5
249666	0	0	0.5
18904	0	0.4	0.3
422552	0	0.9	0
94077	0	0.4	0.7
39649	1	0.5	0.3
372286	0	0.1	0.6
403311	1	0.2	0.7
243076	1	0.6	0.3
348703	0	0.4	0.2
159631	0	0.6	0.2
211879	0	0.2	0
144235	0	0.7	0.9
59366	1	0.6	1
163474	1	0.3	0.9
316531	1	0.8	0.5
170231	0	0.8	0.5
212568	1	0.1	0.4
150765	0	0.7	0.7
112995	0	0.9	0.5
138414	0	0.2	1
105378	0	0.9	0.3
129129	1	0.6	0.1
333504	1	1	0.3
262298	1	0.7	0.9
116073	1	0.6	0.3
67848	0	1	0.6
22962	0	0.8	0.8
279235	0	0	0.6
221785	1	0.8	0
132867	0	1	0.8
297550	0	0.9	0.5
61168	1	1	1
3717	0	1	0.4
261891	0	0.8	0.9
141953	1	0.5	0.7
318278	1	0.2	0.2
205459	1	0.4	0.4
195891	1	0	0
157432	0	0.2	0.2
297191	1	0.9	0.8
76853	0	0.7	0
362184	1	0.9	0.6
2675	0	0.8	0.4
82016	0	0.7	0.2
378100	0	0	0.9
173441	1	0.5	0.4
266895	1	0	1
403646	1	0.7	1
405813	0	0	0.2
77865	0	0.2	0.1
287316	1	1	0
36298	0	0.7	0.3
