1000    16
4.987   4.803   4.332   4.029   4.123

2500    16
9.600   9.304   10.118  9.087   8.858

5000    540
32.676  30.471  33.228  32.300  30.119

7500    1167
58.412  52.237  54.004  52.981  50.807

10000   2052
90.742  79.327  85.578  89.196  82.771

25000   12589
428.753 427.730 407.509 420.748 424.217 

50000   49909
1703.773    1679.183    1687.980    1684.726    1657.498

75000   113557
4454.111    4430.660    4470.626    4464.810    4512.864

100000  203133
9538.176    9539.423    9575.836    9575.836    9501.354